0 0.452344 0.186111 0.259375 0.258333
0 0.435156 0.773611 0.156250 0.091667
0 0.665625 0.625000 0.156250 0.091667
0 0.332813 0.897222 0.156250 0.091667
0 0.463281 0.559722 0.156250 0.119444
0 0.329688 0.377778 0.156250 0.091667
0 0.905469 0.365278 0.156250 0.091667
0 0.546094 0.923611 0.156250 0.119444
0 0.592969 0.386111 0.156250 0.091667
0 0.117969 0.370833 0.156250 0.091667
0 0.187500 0.788889 0.156250 0.119444
0 0.189062 0.576389 0.156250 0.091667
0 0.908594 0.206944 0.156250 0.091667
0 0.860938 0.797222 0.156250 0.091667
1 0.504687 0.741667 0.065005 0.261111
1 0.325391 0.674306 0.141416 0.126389