0 0.317188 0.206944 0.264062 0.230556
0 0.104688 0.697222 0.156250 0.091667
0 0.400781 0.484722 0.156250 0.091667
0 0.473047 0.684722 0.183594 0.119444
0 0.871875 0.301389 0.156250 0.091667
0 0.588281 0.576389 0.156250 0.091667
0 0.695312 0.433333 0.156250 0.091667
0 0.746875 0.116667 0.164062 0.119444
0 0.146875 0.798611 0.156250 0.091667
0 0.763281 0.794444 0.156250 0.091667
0 0.399219 0.845833 0.156250 0.091667
0 0.222656 0.575000 0.156250 0.091667
0 0.176563 0.411111 0.164062 0.119444
0 0.212500 0.904167 0.156250 0.091667
1 0.609961 0.400694 0.225626 0.465278
1 0.461719 0.263889 0.415625 0.226408