0 0.542969 0.608333 0.264062 0.230556
0 0.107031 0.756944 0.156250 0.091667
0 0.877344 0.744444 0.156250 0.091667
0 0.276953 0.098611 0.183594 0.119444
0 0.543750 0.366667 0.156250 0.091667
0 0.155469 0.555556 0.156250 0.091667
0 0.159375 0.394444 0.156250 0.091667
0 0.189062 0.272222 0.164062 0.119444
0 0.106250 0.929167 0.156250 0.091667
0 0.743750 0.169444 0.156250 0.091667
0 0.809375 0.901389 0.156250 0.091667
0 0.349219 0.784722 0.156250 0.091667
0 0.800781 0.565278 0.164062 0.119444
0 0.490625 0.177778 0.156250 0.091667
1 0.233008 0.185417 0.036797 0.070833
1 0.494922 0.418750 0.457031 0.231125