0 0.767188 0.397222 0.323437 0.258333
0 0.773438 0.898611 0.156250 0.091667
0 0.407813 0.747222 0.156250 0.091667
0 0.191406 0.575000 0.156250 0.091667
0 0.824219 0.168056 0.156250 0.091667
0 0.403906 0.361111 0.156250 0.119444
0 0.814844 0.604167 0.156250 0.091667
0 0.410156 0.238889 0.156250 0.091667
0 0.152344 0.761111 0.156250 0.091667
0 0.253125 0.186111 0.156250 0.119444
0 0.904687 0.805556 0.156250 0.091667
0 0.860938 0.066667 0.156250 0.091667
0 0.651563 0.598611 0.156250 0.091667
0 0.308203 0.877778 0.167969 0.091667
0 0.485156 0.888889 0.156250 0.119444
0 0.087109 0.284722 0.157031 0.119444
0 0.483594 0.654167 0.156250 0.091667
1 0.328516 0.273611 0.057242 0.072222
1 0.369141 0.537500 0.201970 0.600000
1 0.286133 0.586806 0.328728 0.501389