0 0.609375 0.411111 0.323437 0.258333
0 0.771875 0.788889 0.156250 0.091667
0 0.139063 0.854167 0.156250 0.091667
0 0.114844 0.291667 0.156250 0.091667
0 0.716406 0.223611 0.156250 0.091667
0 0.912500 0.208333 0.156250 0.119444
0 0.553125 0.672222 0.156250 0.091667
0 0.816406 0.661111 0.156250 0.091667
0 0.521094 0.915278 0.156250 0.091667
0 0.368750 0.411111 0.156250 0.119444
0 0.333594 0.788889 0.156250 0.091667
0 0.437500 0.234722 0.156250 0.091667
0 0.222656 0.105556 0.156250 0.091667
0 0.580078 0.820833 0.167969 0.091667
0 0.135156 0.583333 0.156250 0.119444
0 0.088672 0.409722 0.157031 0.119444
0 0.630469 0.095833 0.156250 0.091667
1 0.640625 0.309722 0.396875 0.161175
1 0.251953 0.497222 0.086719 0.073690
1 0.111914 0.496528 0.023878 0.070833