0 0.670703 0.719444 0.157031 0.119444
0 0.202344 0.790278 0.156250 0.091667
0 0.615625 0.519444 0.156250 0.091667
0 0.676562 0.926389 0.156250 0.091667
0 0.247656 0.395833 0.265625 0.119444
0 0.779687 0.104167 0.156250 0.091667
0 0.337500 0.559722 0.156250 0.091667
0 0.432031 0.809722 0.265625 0.119444
0 0.214844 0.938889 0.156250 0.091667
0 0.732031 0.380556 0.156250 0.091667
0 0.728125 0.272222 0.156250 0.091667
0 0.855469 0.495833 0.265625 0.119444
0 0.378906 0.255556 0.156250 0.091667
0 0.100000 0.691667 0.156250 0.091667
0 0.141406 0.230556 0.156250 0.091667