0 0.441016 0.215278 0.255469 0.313889
0 0.870703 0.281944 0.157031 0.091667
0 0.666406 0.862500 0.156250 0.091667
0 0.536328 0.461111 0.157031 0.119444
0 0.185938 0.376389 0.156250 0.091667
0 0.225781 0.566667 0.156250 0.091667
0 0.668750 0.083333 0.164062 0.119444
0 0.378906 0.426389 0.156250 0.091667
0 0.627344 0.588889 0.156250 0.091667
0 0.454688 0.709722 0.164062 0.119444
0 0.164844 0.866667 0.156250 0.091667
0 0.190625 0.219444 0.156250 0.091667
0 0.692969 0.731944 0.156250 0.091667
0 0.685156 0.247222 0.164062 0.119444
0 0.702344 0.419444 0.156250 0.091667
0 0.901563 0.440278 0.156250 0.091667
0 0.833594 0.893056 0.156250 0.091667
0 0.168750 0.059722 0.156250 0.091667
1 0.602539 0.272222 0.099928 0.275000
1 0.561719 0.396528 0.182618 0.523611
1 0.495508 0.585417 0.051792 0.145833