0 0.314844 0.505556 0.259375 0.258333
0 0.414062 0.301389 0.156250 0.091667
0 0.800000 0.481944 0.156250 0.091667
0 0.790625 0.691667 0.156250 0.091667
0 0.442969 0.856944 0.156250 0.119444
0 0.914062 0.844444 0.156250 0.091667
0 0.614062 0.562500 0.156250 0.091667
0 0.590625 0.094444 0.156250 0.119444
0 0.892969 0.380556 0.156250 0.091667
0 0.196094 0.730556 0.156250 0.091667
0 0.602344 0.895833 0.156250 0.119444
0 0.242969 0.288889 0.156250 0.091667
0 0.423438 0.187500 0.156250 0.091667
0 0.167187 0.137500 0.156250 0.091667
1 0.516797 0.475694 0.133901 0.659722
1 0.522656 0.876615 0.012500 0.017881