0 0.190234 0.312500 0.233594 0.286111
0 0.420312 0.361111 0.156250 0.091667
0 0.170313 0.743056 0.156250 0.091667
0 0.329688 0.856944 0.156250 0.091667
0 0.482812 0.688889 0.156250 0.091667
0 0.425781 0.525000 0.156250 0.119444
0 0.742188 0.286111 0.156250 0.091667
0 0.882812 0.540278 0.156250 0.091667
0 0.349219 0.102778 0.156250 0.091667
0 0.599219 0.443056 0.156250 0.091667
0 0.721875 0.770833 0.156250 0.119444
0 0.531250 0.887500 0.156250 0.091667
0 0.876563 0.915278 0.156250 0.091667
0 0.232031 0.606944 0.156250 0.119444
0 0.734375 0.113889 0.156250 0.091667
0 0.707031 0.647222 0.156250 0.119444
0 0.827344 0.397222 0.156250 0.091667
0 0.899219 0.244444 0.156250 0.091667
1 0.573828 0.647917 0.161604 0.143056
1 0.469531 0.648072 0.328125 0.085673