0 0.750000 0.326389 0.264062 0.230556
0 0.460156 0.200000 0.156250 0.091667
0 0.322656 0.933333 0.156250 0.091667
0 0.143359 0.570833 0.183594 0.119444
0 0.557031 0.909722 0.156250 0.091667
0 0.829688 0.720833 0.156250 0.091667
0 0.331250 0.693056 0.156250 0.091667
0 0.828125 0.602778 0.164062 0.119444
0 0.725781 0.084722 0.156250 0.091667
0 0.257812 0.162500 0.156250 0.091667
0 0.211719 0.301389 0.156250 0.091667
0 0.306250 0.787500 0.156250 0.091667
0 0.878125 0.843056 0.164062 0.119444
0 0.494531 0.473611 0.156250 0.091667
1 0.490625 0.608843 0.520312 0.084121
1 0.853125 0.722917 0.034520 0.137500