0 0.469531 0.409722 0.323437 0.258333
0 0.139844 0.127778 0.156250 0.091667
0 0.164844 0.733333 0.156250 0.091667
0 0.356250 0.075000 0.156250 0.091667
0 0.147656 0.637500 0.156250 0.091667
0 0.443750 0.897222 0.156250 0.119444
0 0.486719 0.676389 0.156250 0.091667
0 0.119531 0.923611 0.156250 0.091667
0 0.835156 0.187500 0.156250 0.091667
0 0.710156 0.400000 0.156250 0.119444
0 0.768750 0.584722 0.156250 0.091667
0 0.142969 0.455556 0.156250 0.091667
0 0.789844 0.759722 0.156250 0.091667
0 0.862891 0.931944 0.167969 0.091667
0 0.900781 0.434722 0.156250 0.119444
0 0.527734 0.116667 0.157031 0.119444
0 0.181250 0.262500 0.156250 0.091667
1 0.576953 0.648611 0.211784 0.394444
1 0.805469 0.420379 0.043750 0.028964
1 0.714258 0.275694 0.242326 0.215278