0 0.691016 0.627778 0.233594 0.286111
0 0.180469 0.793056 0.156250 0.091667
0 0.690625 0.154167 0.156250 0.091667
0 0.328906 0.238889 0.156250 0.091667
0 0.843750 0.840278 0.156250 0.091667
0 0.197656 0.637500 0.156250 0.119444
0 0.466406 0.926389 0.156250 0.091667
0 0.341406 0.772222 0.156250 0.091667
0 0.871875 0.156944 0.156250 0.091667
0 0.193750 0.481944 0.156250 0.091667
0 0.100781 0.248611 0.156250 0.119444
0 0.244531 0.906944 0.156250 0.091667
0 0.091406 0.372222 0.156250 0.091667
0 0.377344 0.430556 0.156250 0.119444
0 0.864062 0.063889 0.156250 0.091667
0 0.650000 0.850000 0.156250 0.119444
0 0.618750 0.248611 0.156250 0.091667
0 0.779687 0.293056 0.156250 0.091667
1 0.149219 0.443056 0.076496 0.286111
1 0.513672 0.640278 0.204387 0.316667