0 0.646875 0.538889 0.264062 0.230556
0 0.778125 0.245833 0.156250 0.091667
0 0.723437 0.865278 0.156250 0.091667
0 0.190234 0.251389 0.183594 0.119444
0 0.486719 0.816667 0.156250 0.091667
0 0.249219 0.541667 0.156250 0.091667
0 0.435156 0.919444 0.156250 0.091667
0 0.120313 0.788889 0.164062 0.119444
0 0.882031 0.784722 0.156250 0.091667
0 0.759375 0.095833 0.156250 0.091667
0 0.292187 0.711111 0.156250 0.091667
0 0.873437 0.637500 0.156250 0.091667
0 0.438281 0.359722 0.164062 0.119444
0 0.667969 0.347222 0.156250 0.091667
1 0.153646 0.520139 0.067013 0.434722
1 0.279297 0.574306 0.238848 0.326389