0 0.447656 0.334722 0.323437 0.258333
0 0.591406 0.744444 0.156250 0.091667
0 0.348438 0.793056 0.156250 0.091667
0 0.509375 0.059722 0.156250 0.091667
0 0.819531 0.447222 0.156250 0.091667
0 0.871094 0.890278 0.156250 0.119444
0 0.659375 0.583333 0.156250 0.091667
0 0.428125 0.634722 0.156250 0.091667
0 0.658594 0.895833 0.156250 0.091667
0 0.752344 0.247222 0.156250 0.119444
0 0.875000 0.131944 0.156250 0.091667
0 0.182812 0.722222 0.156250 0.091667
0 0.124219 0.856944 0.156250 0.091667
0 0.868359 0.681944 0.167969 0.091667
0 0.172656 0.387500 0.156250 0.119444
0 0.176953 0.509722 0.157031 0.119444
0 0.269531 0.152778 0.156250 0.091667
1 0.811719 0.568750 0.106068 0.540278
1 0.462500 0.315454 0.432812 0.122948
1 0.174712 0.448611 0.009658 0.019444