0 0.224219 0.248611 0.264062 0.230556
0 0.874219 0.656944 0.156250 0.091667
0 0.364844 0.869444 0.156250 0.091667
0 0.242578 0.522222 0.183594 0.119444
0 0.849219 0.108333 0.156250 0.091667
0 0.843750 0.343056 0.156250 0.091667
0 0.502344 0.213889 0.156250 0.091667
0 0.860938 0.458333 0.164062 0.119444
0 0.645312 0.776389 0.156250 0.091667
0 0.448437 0.672222 0.156250 0.091667
0 0.636719 0.640278 0.156250 0.091667
0 0.603906 0.084722 0.156250 0.091667
0 0.617969 0.433333 0.164062 0.119444
0 0.179688 0.070833 0.156250 0.091667
1 0.556641 0.506022 0.453906 0.095093
1 0.739453 0.437342 0.088281 0.041768