0 0.451562 0.475000 0.323437 0.258333
0 0.314844 0.734722 0.156250 0.091667
0 0.210156 0.102778 0.156250 0.091667
0 0.548438 0.913889 0.156250 0.091667
0 0.773438 0.759722 0.156250 0.091667
0 0.496875 0.184722 0.156250 0.119444
0 0.904687 0.330556 0.156250 0.091667
0 0.206250 0.829167 0.156250 0.091667
0 0.713281 0.558333 0.156250 0.091667
0 0.560156 0.758333 0.156250 0.119444
0 0.756250 0.231944 0.156250 0.091667
0 0.185156 0.384722 0.156250 0.091667
0 0.305469 0.211111 0.156250 0.091667
0 0.103516 0.562500 0.167969 0.091667
0 0.842187 0.448611 0.156250 0.119444
0 0.119141 0.234722 0.157031 0.119444
0 0.785156 0.090278 0.156250 0.091667
1 0.525709 0.471528 0.065093 0.470833
1 0.701172 0.603472 0.182641 0.206944
1 0.480859 0.341724 0.575781 0.184219