0 0.737891 0.256944 0.257031 0.286111
0 0.428906 0.263889 0.156250 0.091667
0 0.621875 0.633333 0.156250 0.091667
0 0.242188 0.813889 0.156250 0.091667
0 0.096094 0.184722 0.156250 0.119444
0 0.860156 0.940278 0.156250 0.091667
0 0.899219 0.513889 0.156250 0.091667
0 0.500781 0.891667 0.156250 0.091667
0 0.393750 0.140278 0.156250 0.091667
0 0.785937 0.818056 0.156250 0.119444
0 0.153125 0.698611 0.156250 0.091667
0 0.462500 0.701389 0.156250 0.091667
0 0.126562 0.550000 0.156250 0.119444
0 0.418750 0.486111 0.156250 0.091667
0 0.657813 0.508333 0.156250 0.091667
0 0.166406 0.405556 0.156250 0.119444
0 0.782813 0.679167 0.156250 0.119444
0 0.249219 0.916667 0.156250 0.091667
1 0.441016 0.501389 0.569117 0.530556
1 0.456250 0.684028 0.512500 0.221202
1 0.146484 0.477778 0.016271 0.041667
1 0.474609 0.542361 0.469531 0.220921