0 0.251172 0.306944 0.257031 0.286111
0 0.667969 0.248611 0.156250 0.091667
0 0.888281 0.741667 0.156250 0.091667
0 0.190625 0.113889 0.156250 0.091667
0 0.881250 0.190278 0.156250 0.119444
0 0.441406 0.538889 0.156250 0.091667
0 0.664062 0.425000 0.156250 0.091667
0 0.261719 0.836111 0.156250 0.091667
0 0.907813 0.547222 0.156250 0.091667
0 0.503125 0.700000 0.156250 0.119444
0 0.156250 0.704167 0.156250 0.091667
0 0.913281 0.302778 0.156250 0.091667
0 0.610156 0.883333 0.156250 0.119444
0 0.421875 0.876389 0.156250 0.091667
0 0.574219 0.116667 0.156250 0.091667
0 0.681250 0.725000 0.156250 0.119444
0 0.660937 0.572222 0.156250 0.119444
0 0.910156 0.843056 0.156250 0.091667
1 0.692187 0.445139 0.298893 0.406944
1 0.556641 0.791667 0.046674 0.080556
1 0.645703 0.804167 0.026837 0.055556
1 0.671392 0.648611 0.014403 0.050000