0 0.384375 0.351389 0.323437 0.258333
0 0.741406 0.837500 0.156250 0.091667
0 0.419531 0.075000 0.156250 0.091667
0 0.728906 0.568056 0.156250 0.091667
0 0.840625 0.444444 0.156250 0.091667
0 0.602344 0.141667 0.156250 0.119444
0 0.103906 0.554167 0.156250 0.091667
0 0.436719 0.926389 0.156250 0.091667
0 0.382031 0.652778 0.156250 0.091667
0 0.789844 0.227778 0.156250 0.119444
0 0.307031 0.559722 0.156250 0.091667
0 0.245312 0.905556 0.156250 0.091667
0 0.101562 0.077778 0.156250 0.091667
0 0.551953 0.620833 0.167969 0.091667
0 0.276562 0.786111 0.156250 0.119444
0 0.087891 0.747222 0.157031 0.119444
0 0.766406 0.726389 0.156250 0.091667
1 0.696094 0.185301 0.040625 0.032176
1 0.533203 0.506944 0.412850 0.455556
1 0.182422 0.764087 0.041406 0.028509