0 0.380078 0.212500 0.233594 0.286111
0 0.337500 0.441667 0.156250 0.091667
0 0.279687 0.718056 0.156250 0.091667
0 0.719531 0.781944 0.156250 0.091667
0 0.208594 0.888889 0.156250 0.091667
0 0.834375 0.491667 0.156250 0.119444
0 0.743750 0.341667 0.156250 0.091667
0 0.537500 0.758333 0.156250 0.091667
0 0.871875 0.229167 0.156250 0.091667
0 0.671094 0.898611 0.156250 0.091667
0 0.090625 0.501389 0.156250 0.119444
0 0.339844 0.613889 0.156250 0.091667
0 0.505469 0.468056 0.156250 0.091667
0 0.114844 0.209722 0.156250 0.119444
0 0.596875 0.141667 0.156250 0.091667
0 0.796875 0.118056 0.156250 0.119444
0 0.893750 0.841667 0.156250 0.091667
0 0.135156 0.068056 0.156250 0.091667
1 0.462500 0.470671 0.596875 0.076061
1 0.455859 0.173921 0.535156 0.107397