0 0.763281 0.733333 0.259375 0.258333
0 0.832031 0.169444 0.156250 0.091667
0 0.255469 0.823611 0.156250 0.091667
0 0.681250 0.343056 0.156250 0.091667
0 0.508594 0.502778 0.156250 0.119444
0 0.277344 0.280556 0.156250 0.091667
0 0.521094 0.070833 0.156250 0.091667
0 0.101562 0.276389 0.156250 0.119444
0 0.552344 0.213889 0.156250 0.091667
0 0.841406 0.294444 0.156250 0.091667
0 0.900000 0.497222 0.156250 0.119444
0 0.202344 0.701389 0.156250 0.091667
0 0.267188 0.427778 0.156250 0.091667
0 0.700781 0.544444 0.156250 0.091667
1 0.305078 0.389583 0.260156 0.156150
1 0.704297 0.526942 0.244531 0.073889