0 0.478516 0.209722 0.233594 0.286111
0 0.368750 0.566667 0.156250 0.091667
0 0.362500 0.765278 0.156250 0.091667
0 0.904687 0.826389 0.156250 0.091667
0 0.838281 0.665278 0.156250 0.091667
0 0.671875 0.594444 0.156250 0.119444
0 0.592969 0.731944 0.156250 0.091667
0 0.743750 0.918056 0.156250 0.091667
0 0.179688 0.725000 0.156250 0.091667
0 0.807031 0.162500 0.156250 0.091667
0 0.865625 0.494444 0.156250 0.119444
0 0.381250 0.419444 0.156250 0.091667
0 0.732812 0.383333 0.156250 0.091667
0 0.439844 0.873611 0.156250 0.119444
0 0.258594 0.320833 0.156250 0.091667
0 0.217188 0.108333 0.156250 0.119444
0 0.091406 0.302778 0.156250 0.091667
0 0.142969 0.893056 0.156250 0.091667
1 0.768750 0.544606 0.046875 0.036344
1 0.328516 0.490972 0.197279 0.662500