0 0.546094 0.477778 0.259375 0.258333
0 0.768750 0.861111 0.156250 0.091667
0 0.202344 0.912500 0.156250 0.091667
0 0.898438 0.254167 0.156250 0.091667
0 0.128125 0.654167 0.156250 0.119444
0 0.805469 0.152778 0.156250 0.091667
0 0.553906 0.723611 0.156250 0.091667
0 0.842969 0.583333 0.156250 0.119444
0 0.368750 0.270833 0.156250 0.091667
0 0.894531 0.730556 0.156250 0.091667
0 0.135937 0.231944 0.156250 0.119444
0 0.905469 0.452778 0.156250 0.091667
0 0.549219 0.863889 0.156250 0.091667
0 0.664844 0.263889 0.156250 0.091667
1 0.485547 0.604853 0.567969 0.099811
1 0.143404 0.443056 0.037723 0.319444