0 0.737891 0.593056 0.257031 0.286111
0 0.409375 0.677778 0.156250 0.091667
0 0.864062 0.290278 0.156250 0.091667
0 0.757812 0.815278 0.156250 0.091667
0 0.349219 0.905556 0.156250 0.119444
0 0.114062 0.304167 0.156250 0.091667
0 0.567969 0.273611 0.156250 0.091667
0 0.213281 0.680556 0.156250 0.091667
0 0.414844 0.504167 0.156250 0.091667
0 0.120313 0.443056 0.156250 0.119444
0 0.387500 0.175000 0.156250 0.091667
0 0.809375 0.177778 0.156250 0.091667
0 0.557031 0.101389 0.156250 0.119444
0 0.367969 0.275000 0.156250 0.091667
0 0.224219 0.163889 0.156250 0.091667
0 0.163281 0.926389 0.156250 0.119444
0 0.171875 0.801389 0.156250 0.119444
0 0.871875 0.400000 0.156250 0.091667
1 0.234766 0.674306 0.179164 0.359722
1 0.338672 0.272222 0.293420 0.238889
1 0.360156 0.513889 0.346117 0.722222
1 0.167717 0.863889 0.010035 0.022222