0 0.823438 0.250000 0.267188 0.230556
0 0.363672 0.154167 0.157031 0.091667
0 0.810156 0.087500 0.156250 0.091667
0 0.538281 0.784722 0.164062 0.119444
0 0.857031 0.562500 0.156250 0.091667
0 0.496875 0.647222 0.156250 0.091667
0 0.827344 0.775000 0.156250 0.091667
0 0.257812 0.558333 0.164062 0.119444
0 0.797656 0.926389 0.156250 0.091667
0 0.350000 0.327778 0.156250 0.091667
0 0.191406 0.679167 0.156250 0.091667
0 0.844531 0.662500 0.156250 0.091667
0 0.671875 0.597222 0.164062 0.119444
0 0.595313 0.387500 0.156250 0.091667
0 0.090625 0.859722 0.156250 0.091667
0 0.798438 0.423611 0.156250 0.091667
1 0.398047 0.671528 0.141866 0.123611
1 0.464844 0.599647 0.259375 0.083885