0 0.153906 0.459722 0.259375 0.258333
0 0.185156 0.848611 0.156250 0.091667
0 0.777344 0.638889 0.156250 0.091667
0 0.114844 0.061111 0.156250 0.091667
0 0.336719 0.095833 0.156250 0.119444
0 0.400000 0.827778 0.156250 0.091667
0 0.113281 0.277778 0.156250 0.091667
0 0.617188 0.148611 0.156250 0.119444
0 0.378906 0.219444 0.156250 0.091667
0 0.491406 0.565278 0.156250 0.091667
0 0.720313 0.838889 0.156250 0.119444
0 0.685937 0.293056 0.156250 0.091667
0 0.831250 0.497222 0.156250 0.091667
0 0.794531 0.193056 0.156250 0.091667
1 0.476953 0.111504 0.133594 0.061479
1 0.528516 0.467361 0.331307 0.640278