0 0.818359 0.248611 0.255469 0.313889
0 0.181641 0.458333 0.157031 0.091667
0 0.235937 0.277778 0.156250 0.091667
0 0.275391 0.752778 0.157031 0.119444
0 0.155469 0.072222 0.156250 0.091667
0 0.597656 0.380556 0.156250 0.091667
0 0.412500 0.418056 0.164062 0.119444
0 0.610938 0.490278 0.156250 0.091667
0 0.183594 0.925000 0.156250 0.091667
0 0.514062 0.887500 0.164062 0.119444
0 0.334375 0.551389 0.156250 0.091667
0 0.714063 0.602778 0.156250 0.091667
0 0.498437 0.643056 0.156250 0.091667
0 0.092969 0.756944 0.164062 0.119444
0 0.876563 0.475000 0.156250 0.091667
0 0.848437 0.731944 0.156250 0.091667
0 0.909375 0.869444 0.156250 0.091667
0 0.446875 0.158333 0.156250 0.091667
1 0.343945 0.585417 0.097557 0.231944
1 0.463281 0.652778 0.085096 0.366667
1 0.392969 0.819147 0.087500 0.060766