0 0.444531 0.638889 0.323437 0.258333
0 0.647656 0.920833 0.156250 0.091667
0 0.225781 0.305556 0.156250 0.091667
0 0.094531 0.554167 0.156250 0.091667
0 0.733594 0.734722 0.156250 0.091667
0 0.093750 0.847222 0.156250 0.119444
0 0.480469 0.151389 0.156250 0.091667
0 0.541406 0.420833 0.156250 0.091667
0 0.697656 0.316667 0.156250 0.091667
0 0.455469 0.848611 0.156250 0.119444
0 0.913281 0.650000 0.156250 0.091667
0 0.153906 0.168056 0.156250 0.091667
0 0.721094 0.419444 0.156250 0.091667
0 0.737109 0.087500 0.167969 0.091667
0 0.872656 0.204167 0.156250 0.119444
0 0.844141 0.908333 0.157031 0.119444
0 0.171875 0.731944 0.156250 0.091667
1 0.274609 0.875115 0.214844 0.071853
1 0.664062 0.526389 0.349239 0.541667
1 0.848733 0.556250 0.052384 0.601389