0 0.445312 0.850000 0.323437 0.258333
0 0.280469 0.152778 0.156250 0.091667
0 0.134375 0.343056 0.156250 0.091667
0 0.577344 0.443056 0.156250 0.091667
0 0.169531 0.584722 0.156250 0.091667
0 0.713281 0.652778 0.156250 0.119444
0 0.800000 0.455556 0.156250 0.091667
0 0.489844 0.226389 0.156250 0.091667
0 0.805469 0.936111 0.156250 0.091667
0 0.732031 0.230556 0.156250 0.119444
0 0.696094 0.119444 0.156250 0.091667
0 0.885156 0.723611 0.156250 0.091667
0 0.177344 0.827778 0.156250 0.091667
0 0.534766 0.555556 0.167969 0.091667
0 0.709375 0.780556 0.156250 0.119444
0 0.101953 0.162500 0.157031 0.119444
0 0.884375 0.337500 0.156250 0.091667
1 0.732068 0.441667 0.041645 0.319444
1 0.709554 0.505556 0.049410 0.447222
1 0.405664 0.471528 0.499407 0.515278