0 0.732812 0.376389 0.267188 0.230556
0 0.162109 0.897222 0.157031 0.091667
0 0.714063 0.152778 0.156250 0.091667
0 0.410156 0.738889 0.164062 0.119444
0 0.367188 0.279167 0.156250 0.091667
0 0.374219 0.175000 0.156250 0.091667
0 0.867188 0.727778 0.156250 0.091667
0 0.589844 0.712500 0.164062 0.119444
0 0.765625 0.859722 0.156250 0.091667
0 0.410938 0.486111 0.156250 0.091667
0 0.207031 0.216667 0.156250 0.091667
0 0.371875 0.065278 0.156250 0.091667
0 0.467187 0.879167 0.164062 0.119444
0 0.182812 0.550000 0.156250 0.091667
0 0.095312 0.100000 0.156250 0.091667
0 0.122656 0.734722 0.156250 0.091667
1 0.500000 0.727204 0.025000 0.021981
1 0.528516 0.795833 0.044128 0.063889