0 0.183984 0.783333 0.257031 0.286111
0 0.803125 0.598611 0.156250 0.091667
0 0.900781 0.368056 0.156250 0.091667
0 0.639844 0.798611 0.156250 0.091667
0 0.285938 0.129167 0.156250 0.119444
0 0.103906 0.484722 0.156250 0.091667
0 0.849219 0.855556 0.156250 0.091667
0 0.850781 0.201389 0.156250 0.091667
0 0.667969 0.350000 0.156250 0.091667
0 0.498437 0.179167 0.156250 0.119444
0 0.306250 0.355556 0.156250 0.091667
0 0.284375 0.463889 0.156250 0.091667
0 0.409375 0.640278 0.156250 0.119444
0 0.136719 0.238889 0.156250 0.091667
0 0.612500 0.615278 0.156250 0.091667
0 0.660937 0.170833 0.156250 0.119444
0 0.441406 0.518056 0.156250 0.119444
0 0.734375 0.495833 0.156250 0.091667
1 0.392188 0.158358 0.065625 0.038284
1 0.453906 0.409722 0.075367 0.358333
1 0.535156 0.405556 0.196930 0.366667
1 0.551172 0.344444 0.153388 0.244444