0 0.319922 0.745833 0.255469 0.313889
0 0.816797 0.905556 0.157031 0.091667
0 0.845313 0.423611 0.156250 0.091667
0 0.553516 0.466667 0.157031 0.119444
0 0.801562 0.298611 0.156250 0.091667
0 0.185938 0.125000 0.156250 0.091667
0 0.089844 0.413889 0.164062 0.119444
0 0.670312 0.709722 0.156250 0.091667
0 0.448437 0.163889 0.156250 0.091667
0 0.301563 0.433333 0.164062 0.119444
0 0.799219 0.534722 0.156250 0.091667
0 0.339844 0.258333 0.156250 0.091667
0 0.175781 0.263889 0.156250 0.091667
0 0.571875 0.895833 0.164062 0.119444
0 0.748437 0.068056 0.156250 0.091667
0 0.636719 0.305556 0.156250 0.091667
0 0.723437 0.177778 0.156250 0.091667
0 0.101562 0.816667 0.156250 0.091667
1 0.323437 0.421383 0.312500 0.089360
1 0.195703 0.428871 0.057031 0.031563
1 0.429297 0.459397 0.100781 0.047088