0 0.851172 0.562500 0.157031 0.119444
0 0.354687 0.862500 0.156250 0.091667
0 0.598437 0.522222 0.156250 0.091667
0 0.378906 0.597222 0.156250 0.091667
0 0.429688 0.362500 0.265625 0.119444
0 0.584375 0.734722 0.156250 0.091667
0 0.809375 0.695833 0.156250 0.091667
0 0.786719 0.404167 0.265625 0.119444
0 0.662500 0.237500 0.156250 0.091667
0 0.602344 0.915278 0.156250 0.091667
0 0.298438 0.061111 0.156250 0.091667
0 0.800000 0.077778 0.265625 0.119444
0 0.113281 0.423611 0.156250 0.091667
0 0.894531 0.819444 0.156250 0.091667
0 0.235937 0.195833 0.156250 0.091667