0 0.712891 0.169444 0.257031 0.286111
0 0.867188 0.916667 0.156250 0.091667
0 0.270313 0.456944 0.156250 0.091667
0 0.300781 0.647222 0.156250 0.091667
0 0.475781 0.738889 0.156250 0.119444
0 0.530469 0.629167 0.156250 0.091667
0 0.222656 0.747222 0.156250 0.091667
0 0.460938 0.518056 0.156250 0.091667
0 0.856250 0.638889 0.156250 0.091667
0 0.665625 0.481944 0.156250 0.119444
0 0.588281 0.912500 0.156250 0.091667
0 0.284375 0.161111 0.156250 0.091667
0 0.214844 0.926389 0.156250 0.119444
0 0.278125 0.326389 0.156250 0.091667
0 0.828906 0.800000 0.156250 0.091667
0 0.100000 0.170833 0.156250 0.119444
0 0.843750 0.500000 0.156250 0.119444
0 0.668750 0.759722 0.156250 0.091667
1 0.570703 0.610417 0.110967 0.154167
1 0.440234 0.704167 0.339009 0.341667
1 0.157422 0.548611 0.106063 0.652778
1 0.471875 0.335417 0.596875 0.276681