0 0.860547 0.504167 0.257031 0.286111
0 0.899219 0.215278 0.156250 0.091667
0 0.500781 0.144444 0.156250 0.091667
0 0.332813 0.513889 0.156250 0.091667
0 0.157812 0.073611 0.156250 0.119444
0 0.695312 0.305556 0.156250 0.091667
0 0.140625 0.323611 0.156250 0.091667
0 0.489063 0.783333 0.156250 0.091667
0 0.357031 0.887500 0.156250 0.091667
0 0.334375 0.186111 0.156250 0.119444
0 0.332031 0.722222 0.156250 0.091667
0 0.142969 0.806944 0.156250 0.091667
0 0.156250 0.650000 0.156250 0.119444
0 0.506250 0.651389 0.156250 0.091667
0 0.763281 0.694444 0.156250 0.091667
0 0.667188 0.895833 0.156250 0.119444
0 0.639062 0.456944 0.156250 0.119444
0 0.525000 0.325000 0.156250 0.091667
1 0.246094 0.129861 0.029687 0.029609
1 0.245312 0.418056 0.141635 0.361111
1 0.411719 0.772917 0.364063 0.187322
1 0.661484 0.676389 0.046563 0.336111