0 0.618359 0.798611 0.255469 0.313889
0 0.309766 0.916667 0.157031 0.091667
0 0.102344 0.577778 0.156250 0.091667
0 0.116797 0.405556 0.157031 0.119444
0 0.443750 0.509722 0.156250 0.091667
0 0.221094 0.763889 0.156250 0.091667
0 0.547656 0.177778 0.164062 0.119444
0 0.129688 0.059722 0.156250 0.091667
0 0.185938 0.238889 0.156250 0.091667
0 0.554688 0.356944 0.164062 0.119444
0 0.882812 0.484722 0.156250 0.091667
0 0.728906 0.286111 0.156250 0.091667
0 0.842969 0.677778 0.156250 0.091667
0 0.605469 0.552778 0.164062 0.119444
0 0.285156 0.669444 0.156250 0.091667
0 0.896875 0.150000 0.156250 0.091667
0 0.357031 0.384722 0.156250 0.091667
0 0.823438 0.390278 0.156250 0.091667
1 0.330469 0.292596 0.279687 0.159570
1 0.549238 0.267361 0.015586 0.076389
1 0.333984 0.361418 0.286719 0.087508