0 0.206641 0.675000 0.255469 0.313889
0 0.841016 0.344444 0.157031 0.091667
0 0.611719 0.452778 0.156250 0.091667
0 0.863672 0.779167 0.157031 0.119444
0 0.357812 0.415278 0.156250 0.091667
0 0.521094 0.798611 0.156250 0.091667
0 0.574219 0.634722 0.164062 0.119444
0 0.244531 0.066667 0.156250 0.091667
0 0.138281 0.384722 0.156250 0.091667
0 0.571875 0.211111 0.164062 0.119444
0 0.786719 0.930556 0.156250 0.091667
0 0.208594 0.177778 0.156250 0.091667
0 0.175781 0.925000 0.156250 0.091667
0 0.773438 0.641667 0.164062 0.119444
0 0.900000 0.172222 0.156250 0.091667
0 0.563281 0.319444 0.156250 0.091667
0 0.874219 0.472222 0.156250 0.091667
0 0.666406 0.083333 0.156250 0.091667
1 0.720703 0.706716 0.138281 0.083205
1 0.585458 0.422917 0.035881 0.320833
1 0.717773 0.495139 0.239816 0.465278