0 0.578125 0.170833 0.323437 0.258333
0 0.246875 0.741667 0.156250 0.091667
0 0.541406 0.658333 0.156250 0.091667
0 0.596875 0.898611 0.156250 0.091667
0 0.440625 0.558333 0.156250 0.091667
0 0.314844 0.412500 0.156250 0.119444
0 0.770312 0.433333 0.156250 0.091667
0 0.263281 0.563889 0.156250 0.091667
0 0.884375 0.744444 0.156250 0.091667
0 0.911719 0.304167 0.156250 0.119444
0 0.241406 0.069444 0.156250 0.091667
0 0.843750 0.877778 0.156250 0.091667
0 0.326562 0.887500 0.156250 0.091667
0 0.818359 0.637500 0.167969 0.091667
0 0.514062 0.370833 0.156250 0.119444
0 0.219141 0.245833 0.157031 0.119444
0 0.156250 0.465278 0.156250 0.091667
1 0.613281 0.365974 0.450000 0.111922
1 0.712891 0.319963 0.250781 0.092213
1 0.366797 0.304631 0.147656 0.082846