0 0.676953 0.363889 0.233594 0.286111
0 0.612500 0.108333 0.156250 0.091667
0 0.333594 0.143056 0.156250 0.091667
0 0.501563 0.581944 0.156250 0.091667
0 0.867188 0.131944 0.156250 0.091667
0 0.362500 0.784722 0.156250 0.119444
0 0.907031 0.536111 0.156250 0.091667
0 0.395313 0.940278 0.156250 0.091667
0 0.678125 0.838889 0.156250 0.091667
0 0.266406 0.604167 0.156250 0.091667
0 0.106250 0.477778 0.156250 0.119444
0 0.842187 0.727778 0.156250 0.091667
0 0.148438 0.837500 0.156250 0.091667
0 0.842969 0.911111 0.156250 0.119444
0 0.679688 0.558333 0.156250 0.091667
0 0.331250 0.425000 0.156250 0.119444
0 0.181250 0.268056 0.156250 0.091667
0 0.528125 0.679167 0.156250 0.091667
1 0.234375 0.631250 0.165908 0.204167
1 0.587109 0.668056 0.395357 0.383333