0 0.732031 0.487500 0.323437 0.258333
0 0.610156 0.666667 0.156250 0.091667
0 0.256250 0.079167 0.156250 0.091667
0 0.357031 0.905556 0.156250 0.091667
0 0.196094 0.754167 0.156250 0.091667
0 0.309375 0.604167 0.156250 0.119444
0 0.173437 0.918056 0.156250 0.091667
0 0.908594 0.915278 0.156250 0.091667
0 0.408594 0.269444 0.156250 0.091667
0 0.485938 0.098611 0.156250 0.119444
0 0.871875 0.672222 0.156250 0.091667
0 0.089844 0.654167 0.156250 0.091667
0 0.779687 0.105556 0.156250 0.091667
0 0.387109 0.725000 0.167969 0.091667
0 0.142969 0.295833 0.156250 0.119444
0 0.771484 0.240278 0.157031 0.119444
0 0.591406 0.247222 0.156250 0.091667
1 0.397656 0.351389 0.144222 0.402778
1 0.314453 0.197222 0.196094 0.124038
1 0.457031 0.285389 0.481250 0.093009