0 0.636328 0.205556 0.255469 0.313889
0 0.784766 0.906944 0.157031 0.091667
0 0.345313 0.715278 0.156250 0.091667
0 0.662109 0.608333 0.157031 0.119444
0 0.475000 0.519444 0.156250 0.091667
0 0.798438 0.718056 0.156250 0.091667
0 0.900000 0.475000 0.164062 0.119444
0 0.542188 0.905556 0.156250 0.091667
0 0.164844 0.890278 0.156250 0.091667
0 0.147656 0.180556 0.164062 0.119444
0 0.450781 0.409722 0.156250 0.091667
0 0.207031 0.301389 0.156250 0.091667
0 0.197656 0.516667 0.156250 0.091667
0 0.178906 0.684722 0.164062 0.119444
0 0.228906 0.413889 0.156250 0.091667
0 0.421875 0.245833 0.156250 0.091667
0 0.883594 0.302778 0.156250 0.091667
0 0.635156 0.755556 0.156250 0.091667
1 0.779297 0.542652 0.086719 0.060016
1 0.523828 0.327778 0.597656 0.246902
1 0.404883 0.394444 0.380182 0.325000