0 0.571094 0.220833 0.267188 0.230556
0 0.750391 0.812500 0.157031 0.091667
0 0.888281 0.691667 0.156250 0.091667
0 0.424219 0.444444 0.164062 0.119444
0 0.219531 0.726389 0.156250 0.091667
0 0.239844 0.852778 0.156250 0.091667
0 0.578125 0.586111 0.156250 0.091667
0 0.117188 0.469444 0.164062 0.119444
0 0.823438 0.451389 0.156250 0.091667
0 0.449219 0.747222 0.156250 0.091667
0 0.311719 0.320833 0.156250 0.091667
0 0.882812 0.080556 0.156250 0.091667
0 0.287500 0.093056 0.164062 0.119444
0 0.598437 0.475000 0.156250 0.091667
0 0.402344 0.570833 0.156250 0.091667
0 0.852344 0.925000 0.156250 0.091667
1 0.270703 0.440792 0.152344 0.060612
1 0.202344 0.281250 0.125640 0.273611