0 0.611719 0.555556 0.267188 0.230556
0 0.341797 0.852778 0.157031 0.091667
0 0.371875 0.225000 0.156250 0.091667
0 0.825781 0.306944 0.164062 0.119444
0 0.492188 0.358333 0.156250 0.091667
0 0.165625 0.208333 0.156250 0.091667
0 0.654687 0.926389 0.156250 0.091667
0 0.646875 0.162500 0.164062 0.119444
0 0.685156 0.818056 0.156250 0.091667
0 0.150000 0.706944 0.156250 0.091667
0 0.900781 0.129167 0.156250 0.091667
0 0.828125 0.562500 0.156250 0.091667
0 0.286719 0.498611 0.164062 0.119444
0 0.138281 0.868056 0.156250 0.091667
0 0.125000 0.356944 0.156250 0.091667
0 0.310156 0.109722 0.156250 0.091667
1 0.736328 0.234722 0.040340 0.041667
1 0.466797 0.330556 0.241542 0.233333