0 0.261719 0.490278 0.264062 0.230556
0 0.635156 0.138889 0.156250 0.091667
0 0.891406 0.905556 0.156250 0.091667
0 0.612109 0.404167 0.183594 0.119444
0 0.821094 0.408333 0.156250 0.091667
0 0.114844 0.294444 0.156250 0.091667
0 0.279687 0.905556 0.156250 0.091667
0 0.428906 0.202778 0.164062 0.119444
0 0.115625 0.191667 0.156250 0.091667
0 0.750781 0.520833 0.156250 0.091667
0 0.507812 0.869444 0.156250 0.091667
0 0.114844 0.815278 0.156250 0.091667
0 0.775781 0.744444 0.164062 0.119444
0 0.843750 0.113889 0.156250 0.091667
1 0.520508 0.303472 0.083920 0.098611
1 0.602344 0.473611 0.279760 0.438889