0 0.605078 0.444444 0.233594 0.286111
0 0.744531 0.897222 0.156250 0.091667
0 0.639062 0.677778 0.156250 0.091667
0 0.356250 0.741667 0.156250 0.091667
0 0.438281 0.081944 0.156250 0.091667
0 0.897656 0.673611 0.156250 0.119444
0 0.125000 0.709722 0.156250 0.091667
0 0.090625 0.341667 0.156250 0.091667
0 0.203906 0.869444 0.156250 0.091667
0 0.865625 0.268056 0.156250 0.091667
0 0.470313 0.193056 0.156250 0.119444
0 0.127344 0.606944 0.156250 0.091667
0 0.335938 0.630556 0.156250 0.091667
0 0.775000 0.101389 0.156250 0.119444
0 0.868750 0.397222 0.156250 0.091667
0 0.543750 0.787500 0.156250 0.119444
0 0.120313 0.494444 0.156250 0.091667
0 0.707031 0.797222 0.156250 0.091667
1 0.683984 0.433333 0.330500 0.377778
1 0.659375 0.444444 0.200367 0.583333