0 0.350781 0.729167 0.323437 0.258333
0 0.303906 0.926389 0.156250 0.091667
0 0.342969 0.304167 0.156250 0.091667
0 0.264062 0.155556 0.156250 0.091667
0 0.269531 0.448611 0.156250 0.091667
0 0.092188 0.761111 0.156250 0.119444
0 0.885938 0.304167 0.156250 0.091667
0 0.857031 0.429167 0.156250 0.091667
0 0.801562 0.751389 0.156250 0.091667
0 0.518750 0.152778 0.156250 0.119444
0 0.610938 0.631944 0.156250 0.091667
0 0.794531 0.630556 0.156250 0.091667
0 0.652344 0.326389 0.156250 0.091667
0 0.823828 0.134722 0.167969 0.091667
0 0.184375 0.279167 0.156250 0.119444
0 0.689453 0.497222 0.157031 0.119444
0 0.434375 0.402778 0.156250 0.091667
1 0.305469 0.456944 0.352183 0.505556
1 0.351562 0.209054 0.187500 0.097831
1 0.436719 0.388110 0.357812 0.167096