0 0.549219 0.501389 0.323437 0.258333
0 0.482812 0.840278 0.156250 0.091667
0 0.293750 0.281944 0.156250 0.091667
0 0.896094 0.691667 0.156250 0.091667
0 0.289062 0.409722 0.156250 0.091667
0 0.700781 0.852778 0.156250 0.119444
0 0.167969 0.801389 0.156250 0.091667
0 0.770312 0.087500 0.156250 0.091667
0 0.141406 0.904167 0.156250 0.091667
0 0.113281 0.197222 0.156250 0.119444
0 0.694531 0.187500 0.156250 0.091667
0 0.814063 0.301389 0.156250 0.091667
0 0.845313 0.404167 0.156250 0.091667
0 0.388672 0.065278 0.167969 0.091667
0 0.171094 0.559722 0.156250 0.119444
0 0.862109 0.822222 0.157031 0.119444
0 0.441406 0.687500 0.156250 0.091667
1 0.407031 0.525000 0.489831 0.552778
1 0.141624 0.378472 0.049264 0.259722
1 0.516406 0.690898 0.543750 0.219663