0 0.164453 0.619444 0.257031 0.286111
0 0.466406 0.277778 0.156250 0.091667
0 0.401562 0.523611 0.156250 0.091667
0 0.477344 0.804167 0.156250 0.091667
0 0.730469 0.770833 0.156250 0.119444
0 0.656250 0.894444 0.156250 0.091667
0 0.750000 0.643056 0.156250 0.091667
0 0.714844 0.530556 0.156250 0.091667
0 0.121094 0.919444 0.156250 0.091667
0 0.695312 0.220833 0.156250 0.119444
0 0.914062 0.816667 0.156250 0.091667
0 0.724219 0.350000 0.156250 0.091667
0 0.099219 0.330556 0.156250 0.119444
0 0.914062 0.234722 0.156250 0.091667
0 0.250000 0.183333 0.156250 0.091667
0 0.128125 0.073611 0.156250 0.119444
0 0.500000 0.131944 0.156250 0.119444
0 0.437500 0.704167 0.156250 0.091667
1 0.721535 0.495833 0.054186 0.447222
1 0.397266 0.268305 0.449219 0.112408
1 0.115605 0.202083 0.028711 0.154167
1 0.314063 0.121992 0.225000 0.088919