0 0.578516 0.643056 0.257031 0.286111
0 0.696094 0.390278 0.156250 0.091667
0 0.437500 0.368056 0.156250 0.091667
0 0.692187 0.119444 0.156250 0.091667
0 0.907031 0.212500 0.156250 0.119444
0 0.461719 0.884722 0.156250 0.091667
0 0.278906 0.551389 0.156250 0.091667
0 0.203125 0.415278 0.156250 0.091667
0 0.835156 0.838889 0.156250 0.091667
0 0.361719 0.177778 0.156250 0.119444
0 0.684375 0.241667 0.156250 0.091667
0 0.222656 0.701389 0.156250 0.091667
0 0.876563 0.551389 0.156250 0.119444
0 0.895312 0.340278 0.156250 0.091667
0 0.665625 0.894444 0.156250 0.091667
0 0.192188 0.201389 0.156250 0.119444
0 0.210156 0.879167 0.156250 0.119444
0 0.525781 0.102778 0.156250 0.091667
1 0.634375 0.173572 0.398438 0.084573
1 0.619141 0.364583 0.367969 0.276890
1 0.534375 0.376389 0.537500 0.286758
1 0.189265 0.540278 0.047991 0.575000