0 0.898047 0.280556 0.157031 0.119444
0 0.110156 0.136111 0.156250 0.091667
0 0.432812 0.701389 0.156250 0.091667
0 0.721875 0.637500 0.156250 0.091667
0 0.269531 0.461111 0.265625 0.119444
0 0.574219 0.443056 0.156250 0.091667
0 0.148438 0.711111 0.156250 0.091667
0 0.210938 0.594444 0.265625 0.119444
0 0.745313 0.490278 0.156250 0.091667
0 0.802344 0.876389 0.156250 0.091667
0 0.577344 0.208333 0.156250 0.091667
0 0.350781 0.204167 0.265625 0.119444
0 0.386719 0.934722 0.156250 0.091667
0 0.189062 0.316667 0.156250 0.091667
0 0.894531 0.159722 0.156250 0.091667