0 0.375000 0.366667 0.267188 0.230556
0 0.430859 0.751389 0.157031 0.091667
0 0.753125 0.869444 0.156250 0.091667
0 0.862500 0.445833 0.164062 0.119444
0 0.207813 0.134722 0.156250 0.091667
0 0.603125 0.379167 0.156250 0.091667
0 0.447656 0.583333 0.156250 0.091667
0 0.889844 0.280556 0.164062 0.119444
0 0.637500 0.583333 0.156250 0.091667
0 0.897656 0.637500 0.156250 0.091667
0 0.120313 0.625000 0.156250 0.091667
0 0.904687 0.761111 0.156250 0.091667
0 0.089844 0.325000 0.164062 0.119444
0 0.426563 0.068056 0.156250 0.091667
0 0.717187 0.115278 0.156250 0.091667
0 0.245312 0.855556 0.156250 0.091667
1 0.876210 0.363194 0.017034 0.062500
1 0.489844 0.283846 0.645312 0.089860