0 0.591797 0.375000 0.233594 0.286111
0 0.695312 0.679167 0.156250 0.091667
0 0.672656 0.831944 0.156250 0.091667
0 0.210938 0.409722 0.156250 0.091667
0 0.100781 0.597222 0.156250 0.091667
0 0.280469 0.272222 0.156250 0.119444
0 0.807813 0.093056 0.156250 0.091667
0 0.382812 0.522222 0.156250 0.091667
0 0.875000 0.630556 0.156250 0.091667
0 0.377344 0.391667 0.156250 0.091667
0 0.585938 0.104167 0.156250 0.119444
0 0.909375 0.415278 0.156250 0.091667
0 0.105469 0.151389 0.156250 0.091667
0 0.535937 0.629167 0.156250 0.119444
0 0.889062 0.288889 0.156250 0.091667
0 0.323437 0.887500 0.156250 0.119444
0 0.307031 0.709722 0.156250 0.091667
0 0.490625 0.812500 0.156250 0.091667
1 0.433203 0.188194 0.158594 0.098760
1 0.429688 0.758333 0.123622 0.155556