0 0.573438 0.302778 0.323437 0.258333
0 0.485156 0.670833 0.156250 0.091667
0 0.096094 0.940278 0.156250 0.091667
0 0.178125 0.234722 0.156250 0.091667
0 0.433594 0.122222 0.156250 0.091667
0 0.323437 0.816667 0.156250 0.119444
0 0.876563 0.652778 0.156250 0.091667
0 0.183594 0.626389 0.156250 0.091667
0 0.240625 0.119444 0.156250 0.091667
0 0.552344 0.834722 0.156250 0.119444
0 0.092188 0.726389 0.156250 0.091667
0 0.704688 0.705556 0.156250 0.091667
0 0.845313 0.420833 0.156250 0.091667
0 0.668359 0.601389 0.167969 0.091667
0 0.331250 0.501389 0.156250 0.119444
0 0.138672 0.497222 0.157031 0.119444
0 0.891406 0.801389 0.156250 0.091667
1 0.437891 0.833949 0.082031 0.038907
1 0.441797 0.668056 0.151243 0.230556
1 0.235156 0.494713 0.045312 0.026639