0 0.727734 0.530556 0.257031 0.286111
0 0.664844 0.326389 0.156250 0.091667
0 0.199219 0.584722 0.156250 0.091667
0 0.907813 0.781944 0.156250 0.091667
0 0.440625 0.108333 0.156250 0.119444
0 0.414062 0.288889 0.156250 0.091667
0 0.410938 0.655556 0.156250 0.091667
0 0.457031 0.506944 0.156250 0.091667
0 0.728906 0.194444 0.156250 0.091667
0 0.194531 0.741667 0.156250 0.119444
0 0.157031 0.395833 0.156250 0.091667
0 0.621875 0.834722 0.156250 0.091667
0 0.144531 0.166667 0.156250 0.119444
0 0.763281 0.063889 0.156250 0.091667
0 0.231250 0.851389 0.156250 0.091667
0 0.439844 0.854167 0.156250 0.119444
0 0.910937 0.904167 0.156250 0.119444
0 0.596094 0.730556 0.156250 0.091667
1 0.317578 0.425000 0.209056 0.530556
1 0.175069 0.454167 0.060065 0.472222
1 0.292187 0.510417 0.253381 0.584722
1 0.675391 0.898541 0.324219 0.088832