0 0.824609 0.270833 0.233594 0.286111
0 0.725781 0.673611 0.156250 0.091667
0 0.914062 0.752778 0.156250 0.091667
0 0.139063 0.522222 0.156250 0.091667
0 0.310937 0.226389 0.156250 0.091667
0 0.740625 0.790278 0.156250 0.119444
0 0.777344 0.938889 0.156250 0.091667
0 0.805469 0.570833 0.156250 0.091667
0 0.293750 0.938889 0.156250 0.091667
0 0.580469 0.365278 0.156250 0.091667
0 0.241406 0.768056 0.156250 0.119444
0 0.088281 0.122222 0.156250 0.091667
0 0.299219 0.602778 0.156250 0.091667
0 0.510156 0.258333 0.156250 0.119444
0 0.113281 0.319444 0.156250 0.091667
0 0.409375 0.112500 0.156250 0.119444
0 0.503125 0.797222 0.156250 0.091667
0 0.759375 0.076389 0.156250 0.091667
1 0.491016 0.755214 0.352344 0.079838
1 0.459766 0.185417 0.027612 0.043056