0 0.194922 0.737500 0.255469 0.313889
0 0.912109 0.726389 0.157031 0.091667
0 0.546875 0.498611 0.156250 0.091667
0 0.710547 0.583333 0.157031 0.119444
0 0.199219 0.362500 0.156250 0.091667
0 0.692187 0.851389 0.156250 0.091667
0 0.521875 0.104167 0.164062 0.119444
0 0.462500 0.376389 0.156250 0.091667
0 0.310156 0.125000 0.156250 0.091667
0 0.886719 0.265278 0.164062 0.119444
0 0.139063 0.208333 0.156250 0.091667
0 0.825781 0.430556 0.156250 0.091667
0 0.467187 0.609722 0.156250 0.091667
0 0.703906 0.140278 0.164062 0.119444
0 0.696875 0.327778 0.156250 0.091667
0 0.525781 0.236111 0.156250 0.091667
0 0.409375 0.808333 0.156250 0.091667
0 0.107031 0.526389 0.156250 0.091667
1 0.616211 0.343750 0.151016 0.376389
1 0.704297 0.189327 0.210156 0.114540
1 0.798633 0.424306 0.119386 0.215278