0 0.437891 0.291667 0.233594 0.286111
0 0.557813 0.801389 0.156250 0.091667
0 0.832812 0.298611 0.156250 0.091667
0 0.621094 0.644444 0.156250 0.091667
0 0.424219 0.068056 0.156250 0.091667
0 0.670312 0.422222 0.156250 0.119444
0 0.408594 0.559722 0.156250 0.091667
0 0.440625 0.654167 0.156250 0.091667
0 0.101562 0.381944 0.156250 0.091667
0 0.331250 0.836111 0.156250 0.091667
0 0.897656 0.101389 0.156250 0.119444
0 0.895312 0.745833 0.156250 0.091667
0 0.127344 0.538889 0.156250 0.091667
0 0.174219 0.868056 0.156250 0.119444
0 0.237500 0.102778 0.156250 0.091667
0 0.846094 0.554167 0.156250 0.119444
0 0.889062 0.411111 0.156250 0.091667
0 0.192188 0.737500 0.156250 0.091667
1 0.783984 0.261806 0.152080 0.218056
1 0.510156 0.711111 0.525000 0.257558