0 0.321094 0.370833 0.267188 0.230556
0 0.682422 0.809722 0.157031 0.091667
0 0.880469 0.366667 0.156250 0.091667
0 0.873437 0.109722 0.164062 0.119444
0 0.904687 0.575000 0.156250 0.091667
0 0.575000 0.445833 0.156250 0.091667
0 0.432031 0.611111 0.156250 0.091667
0 0.402344 0.906944 0.164062 0.119444
0 0.834375 0.463889 0.156250 0.091667
0 0.853906 0.244444 0.156250 0.091667
0 0.761719 0.686111 0.156250 0.091667
0 0.178906 0.169444 0.156250 0.091667
0 0.107813 0.566667 0.164062 0.119444
0 0.689063 0.101389 0.156250 0.091667
0 0.707031 0.581944 0.156250 0.091667
0 0.446875 0.731944 0.156250 0.091667
1 0.637891 0.508333 0.409887 0.694444
1 0.255078 0.736806 0.200520 0.237500