0 0.874609 0.455556 0.233594 0.286111
0 0.346094 0.276389 0.156250 0.091667
0 0.226562 0.137500 0.156250 0.091667
0 0.444531 0.502778 0.156250 0.091667
0 0.384375 0.840278 0.156250 0.091667
0 0.245312 0.479167 0.156250 0.119444
0 0.489063 0.087500 0.156250 0.091667
0 0.201563 0.815278 0.156250 0.091667
0 0.746875 0.672222 0.156250 0.091667
0 0.167187 0.254167 0.156250 0.091667
0 0.866406 0.848611 0.156250 0.119444
0 0.622656 0.484722 0.156250 0.091667
0 0.561719 0.873611 0.156250 0.091667
0 0.767188 0.237500 0.156250 0.119444
0 0.122656 0.934722 0.156250 0.091667
0 0.524219 0.248611 0.156250 0.119444
0 0.139844 0.702778 0.156250 0.091667
0 0.517969 0.694444 0.156250 0.091667
1 0.555859 0.663889 0.474219 0.293169
1 0.645703 0.232484 0.096094 0.041775