0 0.312500 0.488889 0.264062 0.230556
0 0.473438 0.248611 0.156250 0.091667
0 0.636719 0.504167 0.156250 0.091667
0 0.894922 0.841667 0.183594 0.119444
0 0.100781 0.463889 0.156250 0.091667
0 0.596875 0.686111 0.156250 0.091667
0 0.889844 0.086111 0.156250 0.091667
0 0.094531 0.800000 0.164062 0.119444
0 0.207031 0.137500 0.156250 0.091667
0 0.715625 0.233333 0.156250 0.091667
0 0.563281 0.797222 0.156250 0.091667
0 0.896094 0.268056 0.156250 0.091667
0 0.653906 0.345833 0.164062 0.119444
0 0.718750 0.077778 0.156250 0.091667
1 0.489844 0.800968 0.635938 0.088507
1 0.374219 0.572917 0.421636 0.351389