0 0.275391 0.466667 0.257031 0.286111
0 0.703906 0.086111 0.156250 0.091667
0 0.676562 0.630556 0.156250 0.091667
0 0.535156 0.188889 0.156250 0.091667
0 0.780469 0.876389 0.156250 0.119444
0 0.413281 0.886111 0.156250 0.091667
0 0.169531 0.777778 0.156250 0.091667
0 0.560156 0.445833 0.156250 0.091667
0 0.546094 0.748611 0.156250 0.091667
0 0.587500 0.881944 0.156250 0.119444
0 0.221875 0.913889 0.156250 0.091667
0 0.332031 0.086111 0.156250 0.091667
0 0.167187 0.225000 0.156250 0.119444
0 0.746094 0.345833 0.156250 0.091667
0 0.371875 0.200000 0.156250 0.091667
0 0.842969 0.626389 0.156250 0.119444
0 0.767969 0.198611 0.156250 0.119444
0 0.894531 0.477778 0.156250 0.091667
1 0.683984 0.874535 0.046094 0.026987
1 0.377344 0.553472 0.353267 0.554167
1 0.505078 0.425694 0.528906 0.325249
1 0.805469 0.412500 0.063433 0.325000