0 0.539844 0.863889 0.267188 0.230556
0 0.525391 0.375000 0.157031 0.091667
0 0.837500 0.127778 0.156250 0.091667
0 0.896094 0.638889 0.164062 0.119444
0 0.882812 0.836111 0.156250 0.091667
0 0.305469 0.836111 0.156250 0.091667
0 0.261719 0.309722 0.156250 0.091667
0 0.769531 0.455556 0.164062 0.119444
0 0.207813 0.733333 0.156250 0.091667
0 0.589844 0.648611 0.156250 0.091667
0 0.240625 0.137500 0.156250 0.091667
0 0.460938 0.147222 0.156250 0.091667
0 0.410156 0.516667 0.164062 0.119444
0 0.525781 0.258333 0.156250 0.091667
0 0.120313 0.494444 0.156250 0.091667
0 0.636719 0.134722 0.156250 0.091667
1 0.832812 0.547222 0.053480 0.080556
1 0.589844 0.468373 0.204687 0.085356