0 0.737500 0.623611 0.323437 0.258333
0 0.364844 0.765278 0.156250 0.091667
0 0.536719 0.297222 0.156250 0.091667
0 0.439844 0.545833 0.156250 0.091667
0 0.880469 0.115278 0.156250 0.091667
0 0.864844 0.873611 0.156250 0.119444
0 0.264844 0.070833 0.156250 0.091667
0 0.183594 0.601389 0.156250 0.091667
0 0.182031 0.836111 0.156250 0.091667
0 0.783594 0.350000 0.156250 0.119444
0 0.514062 0.086111 0.156250 0.091667
0 0.133594 0.406944 0.156250 0.091667
0 0.582812 0.202778 0.156250 0.091667
0 0.644922 0.809722 0.167969 0.091667
0 0.418750 0.915278 0.156250 0.119444
0 0.478516 0.433333 0.157031 0.119444
0 0.139063 0.704167 0.156250 0.091667
1 0.824219 0.611806 0.072091 0.420833
1 0.601172 0.632639 0.297126 0.462500
1 0.452653 0.674306 0.062369 0.379167