0 0.124609 0.473611 0.233594 0.286111
0 0.447656 0.543056 0.156250 0.091667
0 0.167969 0.822222 0.156250 0.091667
0 0.632812 0.852778 0.156250 0.091667
0 0.152344 0.108333 0.156250 0.091667
0 0.441406 0.691667 0.156250 0.119444
0 0.576562 0.383333 0.156250 0.091667
0 0.497656 0.161111 0.156250 0.091667
0 0.774219 0.222222 0.156250 0.091667
0 0.713281 0.081944 0.156250 0.091667
0 0.800000 0.479167 0.156250 0.119444
0 0.669531 0.605556 0.156250 0.091667
0 0.746875 0.358333 0.156250 0.091667
0 0.878906 0.895833 0.156250 0.119444
0 0.844531 0.673611 0.156250 0.091667
0 0.401562 0.411111 0.156250 0.119444
0 0.127344 0.681944 0.156250 0.091667
0 0.271875 0.272222 0.156250 0.091667
1 0.620703 0.585417 0.211719 0.136574
1 0.640234 0.653472 0.369092 0.381944