0 0.418750 0.409722 0.267188 0.230556
0 0.653516 0.840278 0.157031 0.091667
0 0.764844 0.641667 0.156250 0.091667
0 0.352344 0.905556 0.164062 0.119444
0 0.130469 0.827778 0.156250 0.091667
0 0.173437 0.309722 0.156250 0.091667
0 0.592187 0.225000 0.156250 0.091667
0 0.871875 0.269444 0.164062 0.119444
0 0.171094 0.690278 0.156250 0.091667
0 0.183594 0.512500 0.156250 0.091667
0 0.771875 0.538889 0.156250 0.091667
0 0.087500 0.415278 0.156250 0.091667
0 0.233594 0.175000 0.164062 0.119444
0 0.887500 0.404167 0.156250 0.091667
0 0.367969 0.736111 0.156250 0.091667
0 0.584375 0.079167 0.156250 0.091667
1 0.612109 0.587500 0.431352 0.533333
1 0.552734 0.212082 0.483594 0.107115