0 0.380078 0.748611 0.233594 0.286111
0 0.657031 0.737500 0.156250 0.091667
0 0.287500 0.233333 0.156250 0.091667
0 0.598437 0.381944 0.156250 0.091667
0 0.744531 0.837500 0.156250 0.091667
0 0.818750 0.288889 0.156250 0.119444
0 0.262500 0.076389 0.156250 0.091667
0 0.472656 0.083333 0.156250 0.091667
0 0.089844 0.895833 0.156250 0.091667
0 0.837500 0.091667 0.156250 0.091667
0 0.091406 0.745833 0.156250 0.119444
0 0.090625 0.312500 0.156250 0.091667
0 0.576562 0.287500 0.156250 0.091667
0 0.875000 0.677778 0.156250 0.119444
0 0.395313 0.486111 0.156250 0.091667
0 0.585156 0.868056 0.156250 0.119444
0 0.820312 0.443056 0.156250 0.091667
0 0.696875 0.569444 0.156250 0.091667
1 0.455078 0.517361 0.580469 0.375449
1 0.730078 0.772917 0.142969 0.104369