0 0.246875 0.280556 0.264062 0.230556
0 0.607031 0.281944 0.156250 0.091667
0 0.742188 0.829167 0.156250 0.091667
0 0.801172 0.104167 0.183594 0.119444
0 0.892969 0.583333 0.156250 0.091667
0 0.345313 0.873611 0.156250 0.091667
0 0.910156 0.319444 0.156250 0.091667
0 0.475000 0.644444 0.164062 0.119444
0 0.135156 0.806944 0.156250 0.091667
0 0.147656 0.672222 0.156250 0.091667
0 0.496875 0.486111 0.156250 0.091667
0 0.725781 0.598611 0.156250 0.091667
0 0.339062 0.093056 0.164062 0.119444
0 0.751563 0.725000 0.156250 0.091667
1 0.638086 0.374306 0.263437 0.437500
1 0.407031 0.368750 0.115865 0.448611