0 0.514844 0.450000 0.323437 0.258333
0 0.692969 0.895833 0.156250 0.091667
0 0.883594 0.120833 0.156250 0.091667
0 0.371875 0.900000 0.156250 0.091667
0 0.137500 0.311111 0.156250 0.091667
0 0.259375 0.580556 0.156250 0.119444
0 0.653906 0.738889 0.156250 0.091667
0 0.848437 0.661111 0.156250 0.091667
0 0.203906 0.205556 0.156250 0.091667
0 0.646875 0.197222 0.156250 0.119444
0 0.496094 0.779167 0.156250 0.091667
0 0.807813 0.348611 0.156250 0.091667
0 0.201563 0.895833 0.156250 0.091667
0 0.200391 0.416667 0.167969 0.091667
0 0.885938 0.479167 0.156250 0.119444
0 0.214453 0.773611 0.157031 0.119444
0 0.908594 0.250000 0.156250 0.091667
1 0.453125 0.388889 0.276132 0.280556
1 0.766406 0.338194 0.147160 0.179167
1 0.550391 0.626303 0.524219 0.242425