0 0.373828 0.727778 0.257031 0.286111
0 0.694531 0.497222 0.156250 0.091667
0 0.142187 0.287500 0.156250 0.091667
0 0.877344 0.458333 0.156250 0.091667
0 0.197656 0.081944 0.156250 0.119444
0 0.397656 0.162500 0.156250 0.091667
0 0.126562 0.426389 0.156250 0.091667
0 0.854688 0.156944 0.156250 0.091667
0 0.747656 0.720833 0.156250 0.091667
0 0.421094 0.465278 0.156250 0.119444
0 0.635938 0.888889 0.156250 0.091667
0 0.690625 0.154167 0.156250 0.091667
0 0.719531 0.377778 0.156250 0.119444
0 0.142187 0.708333 0.156250 0.091667
0 0.340625 0.286111 0.156250 0.091667
0 0.889844 0.888889 0.156250 0.119444
0 0.868750 0.594444 0.156250 0.119444
0 0.285938 0.933333 0.156250 0.091667
1 0.309375 0.273611 0.163191 0.280556
1 0.570312 0.430064 0.151562 0.075428
1 0.804688 0.633333 0.139886 0.408333
1 0.883545 0.741667 0.030409 0.191667