0 0.676172 0.640278 0.233594 0.286111
0 0.450781 0.066667 0.156250 0.091667
0 0.105469 0.634722 0.156250 0.091667
0 0.736719 0.331944 0.156250 0.091667
0 0.657813 0.062500 0.156250 0.091667
0 0.754687 0.894444 0.156250 0.119444
0 0.172656 0.773611 0.156250 0.091667
0 0.135937 0.372222 0.156250 0.091667
0 0.282031 0.154167 0.156250 0.091667
0 0.575000 0.318056 0.156250 0.091667
0 0.092969 0.226389 0.156250 0.119444
0 0.476562 0.705556 0.156250 0.091667
0 0.371875 0.862500 0.156250 0.091667
0 0.822656 0.145833 0.156250 0.119444
0 0.359375 0.488889 0.156250 0.091667
0 0.621094 0.201389 0.156250 0.119444
0 0.860938 0.450000 0.156250 0.091667
0 0.893750 0.584722 0.156250 0.091667
1 0.423828 0.560417 0.552782 0.565278
1 0.721875 0.170692 0.054688 0.034995