0 0.675000 0.541667 0.259375 0.258333
0 0.232813 0.613889 0.156250 0.091667
0 0.326562 0.718056 0.156250 0.091667
0 0.099219 0.743056 0.156250 0.091667
0 0.237500 0.494444 0.156250 0.119444
0 0.640625 0.134722 0.156250 0.091667
0 0.827344 0.211111 0.156250 0.091667
0 0.701562 0.859722 0.156250 0.119444
0 0.106250 0.073611 0.156250 0.091667
0 0.429688 0.384722 0.156250 0.091667
0 0.451562 0.884722 0.156250 0.119444
0 0.429688 0.586111 0.156250 0.091667
0 0.283594 0.852778 0.156250 0.091667
0 0.250781 0.230556 0.156250 0.091667
1 0.469531 0.677083 0.321691 0.262500
1 0.344531 0.689583 0.157924 0.287500