0 0.472656 0.411111 0.259375 0.258333
0 0.144531 0.375000 0.156250 0.091667
0 0.910156 0.473611 0.156250 0.091667
0 0.106250 0.676389 0.156250 0.091667
0 0.654687 0.836111 0.156250 0.119444
0 0.406250 0.100000 0.156250 0.091667
0 0.273438 0.898611 0.156250 0.091667
0 0.560156 0.647222 0.156250 0.119444
0 0.785937 0.725000 0.156250 0.091667
0 0.440625 0.216667 0.156250 0.091667
0 0.846094 0.131944 0.156250 0.119444
0 0.341406 0.648611 0.156250 0.091667
0 0.647656 0.169444 0.156250 0.091667
0 0.217188 0.181944 0.156250 0.091667
1 0.607422 0.741667 0.044129 0.086111
1 0.750391 0.484028 0.168314 0.601389