0 0.681250 0.290278 0.264062 0.230556
0 0.368750 0.269444 0.156250 0.091667
0 0.268750 0.561111 0.156250 0.091667
0 0.597266 0.601389 0.183594 0.119444
0 0.904687 0.186111 0.156250 0.091667
0 0.497656 0.869444 0.156250 0.091667
0 0.136719 0.786111 0.156250 0.091667
0 0.300000 0.815278 0.164062 0.119444
0 0.442188 0.376389 0.156250 0.091667
0 0.153906 0.263889 0.156250 0.091667
0 0.380469 0.695833 0.156250 0.091667
0 0.390625 0.170833 0.156250 0.091667
0 0.789844 0.506944 0.164062 0.119444
0 0.735938 0.815278 0.156250 0.091667
1 0.448147 0.708683 0.141607 0.111810
1 0.544922 0.661111 0.335156 0.221730