0 0.819922 0.345833 0.233594 0.286111
0 0.757812 0.706944 0.156250 0.091667
0 0.339844 0.233333 0.156250 0.091667
0 0.816406 0.601389 0.156250 0.091667
0 0.282813 0.818056 0.156250 0.091667
0 0.096875 0.651389 0.156250 0.119444
0 0.721094 0.100000 0.156250 0.091667
0 0.452344 0.616667 0.156250 0.091667
0 0.464844 0.440278 0.156250 0.091667
0 0.165625 0.533333 0.156250 0.091667
0 0.439844 0.080556 0.156250 0.119444
0 0.211719 0.330556 0.156250 0.091667
0 0.488281 0.780556 0.156250 0.091667
0 0.853906 0.905556 0.156250 0.119444
0 0.616406 0.540278 0.156250 0.091667
0 0.086719 0.773611 0.156250 0.119444
0 0.582031 0.891667 0.156250 0.091667
0 0.601562 0.241667 0.156250 0.091667
1 0.268359 0.365972 0.280579 0.468056
1 0.470313 0.838203 0.620313 0.124500