0 0.506641 0.651389 0.157031 0.119444
0 0.819531 0.173611 0.156250 0.091667
0 0.330469 0.408333 0.156250 0.091667
0 0.396094 0.072222 0.156250 0.091667
0 0.750781 0.581944 0.265625 0.119444
0 0.583594 0.158333 0.156250 0.091667
0 0.286719 0.276389 0.156250 0.091667
0 0.253906 0.636111 0.265625 0.119444
0 0.269531 0.859722 0.156250 0.091667
0 0.205469 0.090278 0.156250 0.091667
0 0.737500 0.806944 0.156250 0.091667
0 0.712500 0.344444 0.265625 0.119444
0 0.758594 0.693056 0.156250 0.091667
0 0.088281 0.325000 0.156250 0.091667
0 0.532813 0.772222 0.156250 0.091667