0 0.171875 0.401389 0.264062 0.230556
0 0.894531 0.618056 0.156250 0.091667
0 0.435156 0.348611 0.156250 0.091667
0 0.734766 0.241667 0.183594 0.119444
0 0.251563 0.723611 0.156250 0.091667
0 0.853906 0.784722 0.156250 0.091667
0 0.657813 0.719444 0.156250 0.091667
0 0.761719 0.097222 0.164062 0.119444
0 0.677344 0.493056 0.156250 0.091667
0 0.318750 0.136111 0.156250 0.091667
0 0.619531 0.594444 0.156250 0.091667
0 0.489063 0.887500 0.156250 0.091667
0 0.237500 0.600000 0.164062 0.119444
0 0.448437 0.659722 0.156250 0.091667
1 0.748242 0.169444 0.014040 0.041667
1 0.499609 0.348611 0.409056 0.400000