0 0.309766 0.488889 0.157031 0.119444
0 0.097656 0.186111 0.156250 0.091667
0 0.415625 0.268056 0.156250 0.091667
0 0.498437 0.145833 0.156250 0.091667
0 0.287500 0.895833 0.265625 0.119444
0 0.717969 0.527778 0.156250 0.091667
0 0.657813 0.851389 0.156250 0.091667
0 0.476562 0.647222 0.265625 0.119444
0 0.503906 0.443056 0.156250 0.091667
0 0.904687 0.426389 0.156250 0.091667
0 0.803125 0.276389 0.156250 0.091667
0 0.835156 0.666667 0.265625 0.119444
0 0.160938 0.606944 0.156250 0.091667
0 0.439063 0.765278 0.156250 0.091667
0 0.163281 0.368056 0.156250 0.091667