0 0.431250 0.150000 0.323437 0.258333
0 0.184375 0.779167 0.156250 0.091667
0 0.481250 0.636111 0.156250 0.091667
0 0.678125 0.606944 0.156250 0.091667
0 0.883594 0.544444 0.156250 0.091667
0 0.496094 0.900000 0.156250 0.119444
0 0.693750 0.848611 0.156250 0.091667
0 0.396875 0.780556 0.156250 0.091667
0 0.687500 0.213889 0.156250 0.091667
0 0.764844 0.351389 0.156250 0.119444
0 0.875781 0.718056 0.156250 0.091667
0 0.239844 0.611111 0.156250 0.091667
0 0.303906 0.327778 0.156250 0.091667
0 0.323047 0.875000 0.167969 0.091667
0 0.280469 0.495833 0.156250 0.119444
0 0.122266 0.255556 0.157031 0.119444
0 0.533594 0.486111 0.156250 0.091667
1 0.630469 0.625694 0.219612 0.445833
1 0.522656 0.420678 0.337500 0.120381
1 0.201367 0.375694 0.088934 0.137500