0 0.314844 0.775000 0.323437 0.258333
0 0.420312 0.105556 0.156250 0.091667
0 0.100781 0.534722 0.156250 0.091667
0 0.765625 0.143056 0.156250 0.091667
0 0.455469 0.441667 0.156250 0.091667
0 0.724219 0.669444 0.156250 0.119444
0 0.594531 0.173611 0.156250 0.091667
0 0.697656 0.891667 0.156250 0.091667
0 0.650781 0.550000 0.156250 0.091667
0 0.221875 0.147222 0.156250 0.119444
0 0.914062 0.387500 0.156250 0.091667
0 0.192969 0.379167 0.156250 0.091667
0 0.813281 0.561111 0.156250 0.091667
0 0.908203 0.797222 0.167969 0.091667
0 0.859375 0.272222 0.156250 0.119444
0 0.376172 0.301389 0.157031 0.119444
0 0.178906 0.258333 0.156250 0.091667
1 0.473047 0.408333 0.396821 0.419444
1 0.540625 0.213742 0.490625 0.119069
1 0.617969 0.263960 0.335938 0.082046