0 0.614844 0.794444 0.323437 0.258333
0 0.593750 0.566667 0.156250 0.091667
0 0.199219 0.798611 0.156250 0.091667
0 0.548438 0.194444 0.156250 0.091667
0 0.708594 0.455556 0.156250 0.091667
0 0.373437 0.787500 0.156250 0.119444
0 0.193750 0.569444 0.156250 0.091667
0 0.195312 0.459722 0.156250 0.091667
0 0.228125 0.220833 0.156250 0.091667
0 0.532031 0.425000 0.156250 0.119444
0 0.203906 0.331944 0.156250 0.091667
0 0.878906 0.711111 0.156250 0.091667
0 0.899219 0.070833 0.156250 0.091667
0 0.706641 0.322222 0.167969 0.091667
0 0.737500 0.112500 0.156250 0.119444
0 0.092578 0.690278 0.157031 0.119444
0 0.160156 0.901389 0.156250 0.091667
1 0.452734 0.606250 0.115712 0.259722
1 0.634766 0.268750 0.136309 0.209722
1 0.415039 0.401389 0.520972 0.475000