0 0.203516 0.470833 0.257031 0.286111
0 0.397656 0.886111 0.156250 0.091667
0 0.735938 0.254167 0.156250 0.091667
0 0.533594 0.673611 0.156250 0.091667
0 0.786719 0.113889 0.156250 0.119444
0 0.271875 0.693056 0.156250 0.091667
0 0.526563 0.063889 0.156250 0.091667
0 0.313281 0.098611 0.156250 0.091667
0 0.723437 0.451389 0.156250 0.091667
0 0.410938 0.462500 0.156250 0.119444
0 0.487500 0.244444 0.156250 0.091667
0 0.607812 0.791667 0.156250 0.091667
0 0.875000 0.723611 0.156250 0.119444
0 0.741406 0.597222 0.156250 0.091667
0 0.432031 0.575000 0.156250 0.091667
0 0.111719 0.781944 0.156250 0.119444
0 0.811719 0.906944 0.156250 0.119444
0 0.889844 0.401389 0.156250 0.091667
1 0.598828 0.288194 0.256403 0.245833
1 0.642969 0.593056 0.317188 0.189862
1 0.493359 0.736624 0.616406 0.095367
1 0.461719 0.847809 0.553125 0.120493