0 0.264844 0.404167 0.323437 0.258333
0 0.494531 0.766667 0.156250 0.091667
0 0.489844 0.088889 0.156250 0.091667
0 0.431250 0.198611 0.156250 0.091667
0 0.201563 0.915278 0.156250 0.091667
0 0.775000 0.595833 0.156250 0.119444
0 0.697656 0.151389 0.156250 0.091667
0 0.717969 0.251389 0.156250 0.091667
0 0.640625 0.426389 0.156250 0.091667
0 0.841406 0.761111 0.156250 0.119444
0 0.653125 0.859722 0.156250 0.091667
0 0.400781 0.638889 0.156250 0.091667
0 0.100781 0.673611 0.156250 0.091667
0 0.468359 0.888889 0.167969 0.091667
0 0.254688 0.126389 0.156250 0.119444
0 0.812109 0.890278 0.157031 0.119444
0 0.899219 0.455556 0.156250 0.091667
1 0.808203 0.678472 0.027790 0.062500
1 0.548047 0.443750 0.485683 0.531944
1 0.533398 0.508333 0.479636 0.661111