0 0.569922 0.470833 0.157031 0.119444
0 0.203125 0.150000 0.156250 0.091667
0 0.448437 0.061111 0.156250 0.091667
0 0.414062 0.579167 0.156250 0.091667
0 0.685156 0.868056 0.265625 0.119444
0 0.253906 0.252778 0.156250 0.091667
0 0.529687 0.338889 0.156250 0.091667
0 0.310156 0.373611 0.265625 0.119444
0 0.856250 0.204167 0.156250 0.091667
0 0.190625 0.505556 0.156250 0.091667
0 0.878125 0.630556 0.156250 0.091667
0 0.478906 0.718056 0.265625 0.119444
0 0.379688 0.922222 0.156250 0.091667
0 0.100781 0.909722 0.156250 0.091667
0 0.085938 0.598611 0.156250 0.091667