0 0.229297 0.773611 0.255469 0.313889
0 0.582422 0.237500 0.157031 0.091667
0 0.683594 0.341667 0.156250 0.091667
0 0.899609 0.080556 0.157031 0.119444
0 0.196094 0.245833 0.156250 0.091667
0 0.901563 0.529167 0.156250 0.091667
0 0.543750 0.637500 0.164062 0.119444
0 0.472656 0.786111 0.156250 0.091667
0 0.514062 0.923611 0.156250 0.091667
0 0.523438 0.097222 0.164062 0.119444
0 0.806250 0.645833 0.156250 0.091667
0 0.245312 0.458333 0.156250 0.091667
0 0.421094 0.487500 0.156250 0.091667
0 0.410156 0.313889 0.164062 0.119444
0 0.849219 0.216667 0.156250 0.091667
0 0.203906 0.120833 0.156250 0.091667
0 0.717969 0.915278 0.156250 0.091667
0 0.085938 0.400000 0.156250 0.091667
1 0.721680 0.359028 0.288915 0.454167
1 0.545229 0.367361 0.048466 0.437500
1 0.713281 0.114192 0.225000 0.076982