0 0.550391 0.659722 0.233594 0.286111
0 0.334375 0.709722 0.156250 0.091667
0 0.286719 0.551389 0.156250 0.091667
0 0.836719 0.654167 0.156250 0.091667
0 0.289844 0.238889 0.156250 0.091667
0 0.786719 0.815278 0.156250 0.119444
0 0.773438 0.411111 0.156250 0.091667
0 0.790625 0.219444 0.156250 0.091667
0 0.471875 0.434722 0.156250 0.091667
0 0.428906 0.105556 0.156250 0.091667
0 0.086719 0.611111 0.156250 0.119444
0 0.089063 0.472222 0.156250 0.091667
0 0.350781 0.851389 0.156250 0.091667
0 0.507031 0.306944 0.156250 0.119444
0 0.782813 0.123611 0.156250 0.091667
0 0.173437 0.358333 0.156250 0.119444
0 0.092969 0.226389 0.156250 0.091667
0 0.618750 0.872222 0.156250 0.091667
1 0.436719 0.713194 0.553125 0.175260
1 0.340234 0.315823 0.186719 0.077618