0 0.652734 0.540278 0.255469 0.313889
0 0.303516 0.809722 0.157031 0.091667
0 0.500781 0.158333 0.156250 0.091667
0 0.138672 0.693056 0.157031 0.119444
0 0.219531 0.409722 0.156250 0.091667
0 0.884375 0.155556 0.156250 0.091667
0 0.121094 0.569444 0.164062 0.119444
0 0.271875 0.202778 0.156250 0.091667
0 0.867969 0.911111 0.156250 0.091667
0 0.653125 0.305556 0.164062 0.119444
0 0.142969 0.851389 0.156250 0.091667
0 0.867969 0.277778 0.156250 0.091667
0 0.890625 0.765278 0.156250 0.091667
0 0.665625 0.812500 0.164062 0.119444
0 0.490625 0.852778 0.156250 0.091667
0 0.307031 0.691667 0.156250 0.091667
0 0.906250 0.397222 0.156250 0.091667
0 0.110937 0.197222 0.156250 0.091667
1 0.129910 0.631250 0.010023 0.020833
1 0.387109 0.437500 0.377344 0.199180
1 0.395512 0.499597 0.366024 0.285304