0 0.539453 0.711111 0.257031 0.286111
0 0.796875 0.486111 0.156250 0.091667
0 0.749219 0.584722 0.156250 0.091667
0 0.366406 0.315278 0.156250 0.091667
0 0.204687 0.420833 0.156250 0.119444
0 0.760156 0.901389 0.156250 0.091667
0 0.392188 0.084722 0.156250 0.091667
0 0.415625 0.479167 0.156250 0.091667
0 0.157031 0.540278 0.156250 0.091667
0 0.732031 0.281944 0.156250 0.119444
0 0.817187 0.095833 0.156250 0.091667
0 0.542188 0.931944 0.156250 0.091667
0 0.903125 0.311111 0.156250 0.119444
0 0.246875 0.641667 0.156250 0.091667
0 0.441406 0.222222 0.156250 0.091667
0 0.255469 0.888889 0.156250 0.119444
0 0.143750 0.144444 0.156250 0.119444
0 0.778125 0.738889 0.156250 0.091667
1 0.468359 0.354433 0.380469 0.120491
1 0.817578 0.297874 0.024219 0.021890
1 0.579297 0.600000 0.523141 0.475000
1 0.199609 0.516667 0.103169 0.641667