0 0.690234 0.488889 0.255469 0.313889
0 0.191797 0.286111 0.157031 0.091667
0 0.476562 0.816667 0.156250 0.091667
0 0.269141 0.745833 0.157031 0.119444
0 0.864062 0.733333 0.156250 0.091667
0 0.357812 0.255556 0.156250 0.091667
0 0.363281 0.477778 0.164062 0.119444
0 0.286719 0.063889 0.156250 0.091667
0 0.672656 0.269444 0.156250 0.091667
0 0.907813 0.145833 0.164062 0.119444
0 0.741406 0.102778 0.156250 0.091667
0 0.087500 0.687500 0.156250 0.091667
0 0.685156 0.718056 0.156250 0.091667
0 0.123438 0.091667 0.164062 0.119444
0 0.850000 0.843056 0.156250 0.091667
0 0.328125 0.161111 0.156250 0.091667
0 0.581250 0.138889 0.156250 0.091667
0 0.423438 0.359722 0.156250 0.091667
1 0.316211 0.611806 0.061567 0.165278
1 0.635547 0.311806 0.389844 0.248599
1 0.588477 0.445833 0.520904 0.497222