0 0.191797 0.473611 0.257031 0.286111
0 0.635156 0.123611 0.156250 0.091667
0 0.325000 0.731944 0.156250 0.091667
0 0.495312 0.894444 0.156250 0.091667
0 0.889062 0.731944 0.156250 0.119444
0 0.249219 0.223611 0.156250 0.091667
0 0.712500 0.572222 0.156250 0.091667
0 0.603906 0.383333 0.156250 0.091667
0 0.791406 0.302778 0.156250 0.091667
0 0.835156 0.193056 0.156250 0.119444
0 0.093750 0.076389 0.156250 0.091667
0 0.492188 0.752778 0.156250 0.091667
0 0.726562 0.684722 0.156250 0.119444
0 0.535937 0.652778 0.156250 0.091667
0 0.110156 0.715278 0.156250 0.091667
0 0.706250 0.841667 0.156250 0.119444
0 0.457813 0.159722 0.156250 0.119444
0 0.793750 0.454167 0.156250 0.091667
1 0.867004 0.462500 0.061121 0.436111
1 0.780859 0.438889 0.091587 0.388889
1 0.716038 0.763194 0.014966 0.054167
1 0.582031 0.500694 0.214298 0.579167