0 0.649609 0.638889 0.255469 0.313889
0 0.281641 0.165278 0.157031 0.091667
0 0.271094 0.679167 0.156250 0.091667
0 0.912891 0.493056 0.157031 0.119444
0 0.714063 0.208333 0.156250 0.091667
0 0.445312 0.301389 0.156250 0.091667
0 0.188281 0.513889 0.164062 0.119444
0 0.721094 0.408333 0.156250 0.091667
0 0.626563 0.843056 0.156250 0.091667
0 0.171094 0.325000 0.164062 0.119444
0 0.384375 0.423611 0.156250 0.091667
0 0.376563 0.925000 0.156250 0.091667
0 0.897656 0.658333 0.156250 0.091667
0 0.207031 0.820833 0.164062 0.119444
0 0.219531 0.929167 0.156250 0.091667
0 0.879687 0.215278 0.156250 0.091667
0 0.636719 0.079167 0.156250 0.091667
0 0.409375 0.563889 0.156250 0.091667
1 0.552344 0.479702 0.573438 0.080324
1 0.181037 0.419444 0.018394 0.086111
1 0.543750 0.409426 0.590625 0.148350