0 0.664844 0.820833 0.264062 0.230556
0 0.369531 0.412500 0.156250 0.091667
0 0.130469 0.490278 0.156250 0.091667
0 0.806641 0.233333 0.183594 0.119444
0 0.579688 0.537500 0.156250 0.091667
0 0.867969 0.513889 0.156250 0.091667
0 0.766406 0.072222 0.156250 0.091667
0 0.372656 0.727778 0.164062 0.119444
0 0.422656 0.126389 0.156250 0.091667
0 0.145313 0.150000 0.156250 0.091667
0 0.659375 0.637500 0.156250 0.091667
0 0.606250 0.318056 0.156250 0.091667
0 0.158594 0.812500 0.164062 0.119444
0 0.355469 0.908333 0.156250 0.091667
1 0.589648 0.480556 0.338520 0.391667
1 0.265625 0.768420 0.059375 0.039895