0 0.142969 0.576389 0.267188 0.230556
0 0.412891 0.623611 0.157031 0.091667
0 0.752344 0.927778 0.156250 0.091667
0 0.257812 0.765278 0.164062 0.119444
0 0.879687 0.316667 0.156250 0.091667
0 0.096875 0.940278 0.156250 0.091667
0 0.596094 0.445833 0.156250 0.091667
0 0.125781 0.126389 0.164062 0.119444
0 0.190625 0.337500 0.156250 0.091667
0 0.321875 0.229167 0.156250 0.091667
0 0.758594 0.813889 0.156250 0.091667
0 0.721094 0.300000 0.156250 0.091667
0 0.703125 0.155556 0.164062 0.119444
0 0.475000 0.868056 0.156250 0.091667
0 0.492188 0.330556 0.156250 0.091667
0 0.500781 0.126389 0.156250 0.091667
1 0.191797 0.445833 0.116722 0.536111
1 0.414453 0.163519 0.422656 0.082639