0 0.305859 0.402778 0.255469 0.313889
0 0.430078 0.193056 0.157031 0.091667
0 0.587500 0.126389 0.156250 0.091667
0 0.535547 0.604167 0.157031 0.119444
0 0.213281 0.700000 0.156250 0.091667
0 0.794531 0.202778 0.156250 0.091667
0 0.095312 0.281944 0.164062 0.119444
0 0.204687 0.877778 0.156250 0.091667
0 0.088281 0.113889 0.156250 0.091667
0 0.628125 0.233333 0.164062 0.119444
0 0.775781 0.444444 0.156250 0.091667
0 0.422656 0.793056 0.156250 0.091667
0 0.735938 0.836111 0.156250 0.091667
0 0.775781 0.551389 0.164062 0.119444
0 0.771875 0.933333 0.156250 0.091667
0 0.788281 0.733333 0.156250 0.091667
0 0.776563 0.100000 0.156250 0.091667
0 0.825000 0.344444 0.156250 0.091667
1 0.316969 0.444183 0.289499 0.221698
1 0.361719 0.276969 0.378125 0.088971
1 0.581836 0.418750 0.072134 0.268056