0 0.469922 0.343056 0.255469 0.313889
0 0.422266 0.694444 0.157031 0.091667
0 0.253906 0.156944 0.156250 0.091667
0 0.693359 0.229167 0.157031 0.119444
0 0.241406 0.525000 0.156250 0.091667
0 0.714063 0.497222 0.156250 0.091667
0 0.225781 0.327778 0.164062 0.119444
0 0.168750 0.898611 0.156250 0.091667
0 0.910156 0.368056 0.156250 0.091667
0 0.500000 0.111111 0.164062 0.119444
0 0.844531 0.063889 0.156250 0.091667
0 0.820312 0.925000 0.156250 0.091667
0 0.854688 0.784722 0.156250 0.091667
0 0.693750 0.791667 0.164062 0.119444
0 0.525781 0.812500 0.156250 0.091667
0 0.728125 0.386111 0.156250 0.091667
0 0.223438 0.773611 0.156250 0.091667
0 0.706250 0.648611 0.156250 0.091667
1 0.461328 0.266705 0.316406 0.104211
1 0.362891 0.219444 0.132422 0.113889
1 0.598437 0.171212 0.042188 0.036700