0 0.187500 0.397222 0.264062 0.230556
0 0.632812 0.655556 0.156250 0.091667
0 0.637500 0.386111 0.156250 0.091667
0 0.620703 0.202778 0.183594 0.119444
0 0.814063 0.748611 0.156250 0.091667
0 0.883594 0.520833 0.156250 0.091667
0 0.896875 0.265278 0.156250 0.091667
0 0.371094 0.150000 0.164062 0.119444
0 0.158594 0.858333 0.156250 0.091667
0 0.439063 0.893056 0.156250 0.091667
0 0.413281 0.272222 0.156250 0.091667
0 0.153125 0.162500 0.156250 0.091667
0 0.405469 0.473611 0.164062 0.119444
0 0.282813 0.755556 0.156250 0.091667
1 0.491016 0.169258 0.085156 0.044887
1 0.385090 0.311806 0.037445 0.220833