0 0.541406 0.358333 0.323437 0.258333
0 0.648438 0.143056 0.156250 0.091667
0 0.128125 0.245833 0.156250 0.091667
0 0.662500 0.768056 0.156250 0.091667
0 0.266406 0.619444 0.156250 0.091667
0 0.839844 0.602778 0.156250 0.119444
0 0.290625 0.413889 0.156250 0.091667
0 0.913281 0.445833 0.156250 0.091667
0 0.843750 0.847222 0.156250 0.091667
0 0.807031 0.263889 0.156250 0.119444
0 0.150781 0.887500 0.156250 0.091667
0 0.176563 0.112500 0.156250 0.091667
0 0.343750 0.777778 0.156250 0.091667
0 0.462891 0.080556 0.167969 0.091667
0 0.882031 0.113889 0.156250 0.119444
0 0.318359 0.925000 0.157031 0.119444
0 0.094531 0.763889 0.156250 0.091667
1 0.827383 0.433333 0.038514 0.236111
1 0.844531 0.188889 0.024653 0.047222
1 0.600195 0.519444 0.490040 0.708333