0 0.323047 0.243056 0.233594 0.286111
0 0.230469 0.733333 0.156250 0.091667
0 0.574219 0.766667 0.156250 0.091667
0 0.142187 0.938889 0.156250 0.091667
0 0.108594 0.213889 0.156250 0.091667
0 0.662500 0.583333 0.156250 0.119444
0 0.284375 0.543056 0.156250 0.091667
0 0.325781 0.918056 0.156250 0.091667
0 0.753125 0.361111 0.156250 0.091667
0 0.410938 0.734722 0.156250 0.091667
0 0.521094 0.462500 0.156250 0.119444
0 0.835938 0.509722 0.156250 0.091667
0 0.845313 0.118056 0.156250 0.091667
0 0.910937 0.720833 0.156250 0.119444
0 0.897656 0.883333 0.156250 0.091667
0 0.092969 0.512500 0.156250 0.119444
0 0.706250 0.861111 0.156250 0.091667
0 0.563281 0.109722 0.156250 0.091667
1 0.591797 0.522917 0.011000 0.018056
1 0.501953 0.616667 0.671094 0.185204