0 0.728516 0.486111 0.257031 0.286111
0 0.189062 0.191667 0.156250 0.091667
0 0.179688 0.498611 0.156250 0.091667
0 0.849219 0.175000 0.156250 0.091667
0 0.683594 0.087500 0.156250 0.119444
0 0.353906 0.551389 0.156250 0.091667
0 0.910937 0.286111 0.156250 0.091667
0 0.417187 0.800000 0.156250 0.091667
0 0.796875 0.688889 0.156250 0.091667
0 0.821875 0.902778 0.156250 0.119444
0 0.395313 0.118056 0.156250 0.091667
0 0.859375 0.072222 0.156250 0.091667
0 0.147656 0.854167 0.156250 0.119444
0 0.374219 0.450000 0.156250 0.091667
0 0.427344 0.336111 0.156250 0.091667
0 0.578906 0.759722 0.156250 0.119444
0 0.231250 0.300000 0.156250 0.119444
0 0.195312 0.645833 0.156250 0.091667
1 0.752734 0.495139 0.127397 0.712500
1 0.484766 0.860054 0.527344 0.090849
1 0.363281 0.819457 0.284375 0.101918
1 0.405078 0.529861 0.266704 0.356944