0 0.523828 0.404167 0.233594 0.286111
0 0.774219 0.584722 0.156250 0.091667
0 0.683594 0.719444 0.156250 0.091667
0 0.717187 0.165278 0.156250 0.091667
0 0.180469 0.708333 0.156250 0.091667
0 0.096875 0.472222 0.156250 0.119444
0 0.746875 0.397222 0.156250 0.091667
0 0.345313 0.208333 0.156250 0.091667
0 0.604688 0.825000 0.156250 0.091667
0 0.582812 0.065278 0.156250 0.091667
0 0.522656 0.718056 0.156250 0.119444
0 0.297656 0.412500 0.156250 0.091667
0 0.413281 0.847222 0.156250 0.091667
0 0.126562 0.336111 0.156250 0.119444
0 0.784375 0.304167 0.156250 0.091667
0 0.318750 0.093056 0.156250 0.119444
0 0.353906 0.636111 0.156250 0.091667
0 0.774219 0.883333 0.156250 0.091667
1 0.309766 0.595139 0.278906 0.172286
1 0.222656 0.214583 0.107116 0.140278