0 0.575781 0.840278 0.323437 0.258333
0 0.825781 0.631944 0.156250 0.091667
0 0.857031 0.873611 0.156250 0.091667
0 0.250000 0.138889 0.156250 0.091667
0 0.692187 0.406944 0.156250 0.091667
0 0.153125 0.626389 0.156250 0.119444
0 0.488281 0.605556 0.156250 0.091667
0 0.625000 0.243056 0.156250 0.091667
0 0.367969 0.450000 0.156250 0.091667
0 0.686719 0.118056 0.156250 0.119444
0 0.884375 0.393056 0.156250 0.091667
0 0.421875 0.104167 0.156250 0.091667
0 0.830469 0.727778 0.156250 0.091667
0 0.176953 0.863889 0.167969 0.091667
0 0.092969 0.173611 0.156250 0.119444
0 0.364453 0.315278 0.157031 0.119444
0 0.146875 0.455556 0.156250 0.091667
1 0.419922 0.372222 0.417589 0.405556
1 0.389844 0.128328 0.446875 0.092613
1 0.228516 0.244673 0.124219 0.077256