0 0.291797 0.698611 0.257031 0.286111
0 0.210156 0.494444 0.156250 0.091667
0 0.649219 0.904167 0.156250 0.091667
0 0.709375 0.068056 0.156250 0.091667
0 0.635156 0.605556 0.156250 0.119444
0 0.316406 0.059722 0.156250 0.091667
0 0.875000 0.850000 0.156250 0.091667
0 0.538281 0.261111 0.156250 0.091667
0 0.511719 0.168056 0.156250 0.091667
0 0.478906 0.479167 0.156250 0.119444
0 0.718750 0.170833 0.156250 0.091667
0 0.329688 0.270833 0.156250 0.091667
0 0.887500 0.351389 0.156250 0.119444
0 0.259375 0.159722 0.156250 0.091667
0 0.699219 0.720833 0.156250 0.091667
0 0.144531 0.322222 0.156250 0.119444
0 0.880469 0.602778 0.156250 0.119444
0 0.292969 0.900000 0.156250 0.091667
1 0.557031 0.542361 0.017960 0.023611
1 0.683203 0.422907 0.261719 0.110839
1 0.516016 0.314793 0.596094 0.083725
1 0.512500 0.462500 0.589063 0.237656