0 0.440234 0.622222 0.255469 0.313889
0 0.090234 0.931944 0.157031 0.091667
0 0.849219 0.505556 0.156250 0.091667
0 0.692578 0.904167 0.157031 0.119444
0 0.711719 0.612500 0.156250 0.091667
0 0.687500 0.293056 0.156250 0.091667
0 0.107031 0.544444 0.164062 0.119444
0 0.376563 0.201389 0.156250 0.091667
0 0.665625 0.158333 0.156250 0.091667
0 0.098437 0.700000 0.164062 0.119444
0 0.118750 0.395833 0.156250 0.091667
0 0.513281 0.327778 0.156250 0.091667
0 0.867188 0.061111 0.156250 0.091667
0 0.274219 0.916667 0.164062 0.119444
0 0.715625 0.777778 0.156250 0.091667
0 0.840625 0.180556 0.156250 0.091667
0 0.503906 0.879167 0.156250 0.091667
0 0.881250 0.759722 0.156250 0.091667
1 0.401562 0.725385 0.434375 0.277759
1 0.101710 0.622222 0.013419 0.052778
1 0.397266 0.802687 0.442969 0.165664