0 0.657031 0.477778 0.259375 0.258333
0 0.220312 0.502778 0.156250 0.091667
0 0.153906 0.323611 0.156250 0.091667
0 0.839844 0.781944 0.156250 0.091667
0 0.636719 0.672222 0.156250 0.119444
0 0.871094 0.229167 0.156250 0.091667
0 0.657813 0.275000 0.156250 0.091667
0 0.190625 0.111111 0.156250 0.119444
0 0.641406 0.888889 0.156250 0.091667
0 0.913281 0.450000 0.156250 0.091667
0 0.130469 0.762500 0.156250 0.119444
0 0.424219 0.711111 0.156250 0.091667
0 0.435937 0.381944 0.156250 0.091667
0 0.349219 0.858333 0.156250 0.091667
1 0.413672 0.391667 0.360508 0.458333
1 0.383594 0.705326 0.359375 0.103152