0 0.869922 0.602778 0.157031 0.119444
0 0.208594 0.547222 0.156250 0.091667
0 0.435156 0.777778 0.156250 0.091667
0 0.111719 0.340278 0.156250 0.091667
0 0.327344 0.390278 0.265625 0.119444
0 0.667188 0.283333 0.156250 0.091667
0 0.253906 0.895833 0.156250 0.091667
0 0.531250 0.105556 0.265625 0.119444
0 0.629687 0.868056 0.156250 0.091667
0 0.790625 0.143056 0.156250 0.091667
0 0.118750 0.648611 0.156250 0.091667
0 0.475781 0.548611 0.265625 0.119444
0 0.842969 0.277778 0.156250 0.091667
0 0.640625 0.413889 0.156250 0.091667
0 0.178906 0.186111 0.156250 0.091667