0 0.262891 0.841667 0.233594 0.286111
0 0.901563 0.779167 0.156250 0.091667
0 0.637500 0.462500 0.156250 0.091667
0 0.830469 0.451389 0.156250 0.091667
0 0.350000 0.606944 0.156250 0.091667
0 0.146875 0.422222 0.156250 0.119444
0 0.647656 0.904167 0.156250 0.091667
0 0.116406 0.148611 0.156250 0.091667
0 0.819531 0.912500 0.156250 0.091667
0 0.548438 0.181944 0.156250 0.091667
0 0.657031 0.584722 0.156250 0.119444
0 0.568750 0.780556 0.156250 0.091667
0 0.317969 0.418056 0.156250 0.091667
0 0.875781 0.559722 0.156250 0.119444
0 0.865625 0.261111 0.156250 0.091667
0 0.846875 0.091667 0.156250 0.119444
0 0.287500 0.193056 0.156250 0.091667
0 0.108594 0.529167 0.156250 0.091667
1 0.401953 0.503472 0.363281 0.129396
1 0.870653 0.325694 0.049554 0.365278