0 0.583203 0.484722 0.255469 0.313889
0 0.116797 0.277778 0.157031 0.091667
0 0.859375 0.123611 0.156250 0.091667
0 0.876172 0.884722 0.157031 0.119444
0 0.598437 0.226389 0.156250 0.091667
0 0.825781 0.705556 0.156250 0.091667
0 0.114062 0.895833 0.164062 0.119444
0 0.171094 0.087500 0.156250 0.091667
0 0.215625 0.491667 0.156250 0.091667
0 0.285938 0.731944 0.164062 0.119444
0 0.650781 0.881944 0.156250 0.091667
0 0.332813 0.891667 0.156250 0.091667
0 0.450781 0.711111 0.156250 0.091667
0 0.882812 0.344444 0.164062 0.119444
0 0.374219 0.223611 0.156250 0.091667
0 0.122656 0.634722 0.156250 0.091667
0 0.810156 0.456944 0.156250 0.091667
0 0.896875 0.550000 0.156250 0.091667
1 0.496875 0.864668 0.610938 0.076606
1 0.200000 0.813889 0.055985 0.061111
1 0.582812 0.808788 0.439063 0.127888