0 0.675781 0.837500 0.264062 0.230556
0 0.325781 0.655556 0.156250 0.091667
0 0.163281 0.254167 0.156250 0.091667
0 0.883203 0.113889 0.183594 0.119444
0 0.820312 0.344444 0.156250 0.091667
0 0.096094 0.504167 0.156250 0.091667
0 0.188281 0.830556 0.156250 0.091667
0 0.499219 0.119444 0.164062 0.119444
0 0.578125 0.494444 0.156250 0.091667
0 0.116406 0.597222 0.156250 0.091667
0 0.529687 0.233333 0.156250 0.091667
0 0.227344 0.351389 0.156250 0.091667
0 0.675000 0.641667 0.164062 0.119444
0 0.374219 0.930556 0.156250 0.091667
1 0.686328 0.089721 0.219531 0.073741
1 0.587109 0.380556 0.144951 0.419444