0 0.729688 0.326389 0.264062 0.230556
0 0.420312 0.454167 0.156250 0.091667
0 0.906250 0.093056 0.156250 0.091667
0 0.869141 0.827778 0.183594 0.119444
0 0.183594 0.823611 0.156250 0.091667
0 0.369531 0.773611 0.156250 0.091667
0 0.600781 0.802778 0.156250 0.091667
0 0.217969 0.559722 0.164062 0.119444
0 0.467187 0.219444 0.156250 0.091667
0 0.144531 0.304167 0.156250 0.091667
0 0.424219 0.608333 0.156250 0.091667
0 0.637500 0.629167 0.156250 0.091667
0 0.148438 0.715278 0.164062 0.119444
0 0.439063 0.093056 0.156250 0.091667
1 0.538672 0.691740 0.486719 0.213166
1 0.183203 0.637500 0.025516 0.052778