0 0.778906 0.163889 0.264062 0.230556
0 0.364844 0.638889 0.156250 0.091667
0 0.417969 0.065278 0.156250 0.091667
0 0.288672 0.479167 0.183594 0.119444
0 0.209375 0.827778 0.156250 0.091667
0 0.714844 0.727778 0.156250 0.091667
0 0.785937 0.466667 0.156250 0.091667
0 0.567187 0.451389 0.164062 0.119444
0 0.278125 0.193056 0.156250 0.091667
0 0.098437 0.225000 0.156250 0.091667
0 0.863281 0.826389 0.156250 0.091667
0 0.493750 0.752778 0.156250 0.091667
0 0.187500 0.719444 0.164062 0.119444
0 0.467187 0.208333 0.156250 0.091667
1 0.432812 0.476139 0.114062 0.049804
1 0.377344 0.585417 0.225000 0.168896