0 0.625781 0.613889 0.323437 0.258333
0 0.603906 0.187500 0.156250 0.091667
0 0.881250 0.380556 0.156250 0.091667
0 0.182812 0.554167 0.156250 0.091667
0 0.802344 0.895833 0.156250 0.091667
0 0.557813 0.077778 0.156250 0.119444
0 0.285156 0.320833 0.156250 0.091667
0 0.294531 0.652778 0.156250 0.091667
0 0.902344 0.245833 0.156250 0.091667
0 0.641406 0.422222 0.156250 0.119444
0 0.184375 0.131944 0.156250 0.091667
0 0.203906 0.830556 0.156250 0.091667
0 0.104688 0.326389 0.156250 0.091667
0 0.679297 0.315278 0.167969 0.091667
0 0.590625 0.883333 0.156250 0.119444
0 0.369141 0.448611 0.157031 0.119444
0 0.907031 0.633333 0.156250 0.091667
1 0.599609 0.250000 0.063981 0.241667
1 0.611008 0.652778 0.057017 0.358333
1 0.479883 0.665972 0.170004 0.331944