0 0.626563 0.254167 0.259375 0.258333
0 0.357031 0.113889 0.156250 0.091667
0 0.830469 0.509722 0.156250 0.091667
0 0.468750 0.605556 0.156250 0.091667
0 0.085938 0.538889 0.156250 0.119444
0 0.156250 0.769444 0.156250 0.091667
0 0.761719 0.644444 0.156250 0.091667
0 0.177344 0.344444 0.156250 0.119444
0 0.906250 0.198611 0.156250 0.091667
0 0.627344 0.505556 0.156250 0.091667
0 0.371875 0.770833 0.156250 0.119444
0 0.252344 0.588889 0.156250 0.091667
0 0.576562 0.927778 0.156250 0.091667
0 0.366406 0.452778 0.156250 0.091667
1 0.131641 0.441667 0.044632 0.091667
1 0.228906 0.654861 0.148063 0.129167