0 0.605469 0.631944 0.323437 0.258333
0 0.872656 0.473611 0.156250 0.091667
0 0.486719 0.148611 0.156250 0.091667
0 0.085938 0.413889 0.156250 0.091667
0 0.751563 0.204167 0.156250 0.091667
0 0.530469 0.394444 0.156250 0.119444
0 0.276562 0.062500 0.156250 0.091667
0 0.860156 0.730556 0.156250 0.091667
0 0.252344 0.787500 0.156250 0.091667
0 0.834375 0.851389 0.156250 0.119444
0 0.668750 0.855556 0.156250 0.091667
0 0.198437 0.298611 0.156250 0.091667
0 0.187500 0.918056 0.156250 0.091667
0 0.496484 0.256944 0.167969 0.091667
0 0.900781 0.323611 0.156250 0.119444
0 0.104297 0.158333 0.157031 0.119444
0 0.707031 0.075000 0.156250 0.091667
1 0.682422 0.622917 0.233841 0.354167
1 0.869982 0.587500 0.065560 0.425000
1 0.502734 0.241013 0.649219 0.149440