0 0.137891 0.323611 0.257031 0.286111
0 0.815625 0.272222 0.156250 0.091667
0 0.544531 0.163889 0.156250 0.091667
0 0.406250 0.937500 0.156250 0.091667
0 0.394531 0.401389 0.156250 0.119444
0 0.656250 0.348611 0.156250 0.091667
0 0.791406 0.625000 0.156250 0.091667
0 0.606250 0.861111 0.156250 0.091667
0 0.870313 0.059722 0.156250 0.091667
0 0.872656 0.902778 0.156250 0.119444
0 0.217969 0.676389 0.156250 0.091667
0 0.604688 0.748611 0.156250 0.091667
0 0.833594 0.781944 0.156250 0.119444
0 0.219531 0.883333 0.156250 0.091667
0 0.139063 0.122222 0.156250 0.091667
0 0.410156 0.755556 0.156250 0.119444
0 0.695312 0.475000 0.156250 0.119444
0 0.881250 0.404167 0.156250 0.091667
1 0.633594 0.652083 0.373598 0.398611
1 0.853125 0.842361 0.009824 0.018056
1 0.621875 0.745152 0.276562 0.080514
1 0.552734 0.615278 0.173128 0.177778