0 0.151953 0.337500 0.257031 0.286111
0 0.502344 0.702778 0.156250 0.091667
0 0.533594 0.451389 0.156250 0.091667
0 0.421094 0.313889 0.156250 0.091667
0 0.734375 0.493056 0.156250 0.119444
0 0.685937 0.709722 0.156250 0.091667
0 0.811719 0.077778 0.156250 0.091667
0 0.414062 0.831944 0.156250 0.091667
0 0.692969 0.918056 0.156250 0.091667
0 0.106250 0.836111 0.156250 0.119444
0 0.089063 0.590278 0.156250 0.091667
0 0.614844 0.293056 0.156250 0.091667
0 0.410938 0.097222 0.156250 0.119444
0 0.880469 0.658333 0.156250 0.091667
0 0.564844 0.600000 0.156250 0.091667
0 0.296094 0.686111 0.156250 0.119444
0 0.674219 0.184722 0.156250 0.119444
0 0.862500 0.781944 0.156250 0.091667
1 0.420312 0.664583 0.481250 0.274385
1 0.258594 0.466667 0.264809 0.636111
1 0.353516 0.391667 0.100925 0.486111
1 0.485156 0.435417 0.297420 0.398611