0 0.135547 0.409722 0.233594 0.286111
0 0.760938 0.227778 0.156250 0.091667
0 0.610156 0.838889 0.156250 0.091667
0 0.366406 0.565278 0.156250 0.091667
0 0.331250 0.333333 0.156250 0.091667
0 0.649219 0.666667 0.156250 0.119444
0 0.887500 0.504167 0.156250 0.091667
0 0.585938 0.208333 0.156250 0.091667
0 0.411719 0.709722 0.156250 0.091667
0 0.892188 0.723611 0.156250 0.091667
0 0.365625 0.890278 0.156250 0.119444
0 0.352344 0.456944 0.156250 0.091667
0 0.631250 0.086111 0.156250 0.091667
0 0.104688 0.708333 0.156250 0.119444
0 0.415625 0.209722 0.156250 0.091667
0 0.540625 0.450000 0.156250 0.119444
0 0.904687 0.076389 0.156250 0.091667
0 0.815625 0.609722 0.156250 0.091667
1 0.507422 0.778472 0.141484 0.120833
1 0.322656 0.579167 0.289062 0.182407