0 0.574609 0.754167 0.257031 0.286111
0 0.113281 0.818056 0.156250 0.091667
0 0.149219 0.173611 0.156250 0.091667
0 0.777344 0.413889 0.156250 0.091667
0 0.182812 0.547222 0.156250 0.119444
0 0.319531 0.901389 0.156250 0.091667
0 0.117188 0.270833 0.156250 0.091667
0 0.687500 0.559722 0.156250 0.091667
0 0.342187 0.175000 0.156250 0.091667
0 0.295312 0.325000 0.156250 0.119444
0 0.828906 0.120833 0.156250 0.091667
0 0.325781 0.779167 0.156250 0.091667
0 0.397656 0.462500 0.156250 0.119444
0 0.864062 0.888889 0.156250 0.091667
0 0.185938 0.663889 0.156250 0.091667
0 0.092188 0.381944 0.156250 0.119444
0 0.679688 0.268056 0.156250 0.119444
0 0.608594 0.425000 0.156250 0.091667
1 0.239063 0.436111 0.061406 0.119444
1 0.346484 0.393750 0.022814 0.034722
1 0.244922 0.412164 0.158594 0.076134
1 0.385937 0.331714 0.440625 0.113694