0 0.776172 0.504167 0.255469 0.313889
0 0.542578 0.138889 0.157031 0.091667
0 0.697656 0.816667 0.156250 0.091667
0 0.470703 0.295833 0.157031 0.119444
0 0.167187 0.169444 0.156250 0.091667
0 0.164844 0.297222 0.156250 0.091667
0 0.342187 0.555556 0.164062 0.119444
0 0.561719 0.665278 0.156250 0.091667
0 0.175000 0.700000 0.156250 0.091667
0 0.900000 0.223611 0.164062 0.119444
0 0.141406 0.541667 0.156250 0.091667
0 0.138281 0.925000 0.156250 0.091667
0 0.513281 0.801389 0.156250 0.091667
0 0.739844 0.100000 0.164062 0.119444
0 0.729688 0.237500 0.156250 0.091667
0 0.547656 0.523611 0.156250 0.091667
0 0.382812 0.437500 0.156250 0.091667
0 0.360938 0.934722 0.156250 0.091667
1 0.406445 0.425694 0.078787 0.156944
1 0.621094 0.389583 0.403125 0.250980
1 0.683594 0.243667 0.278125 0.094582