0 0.591797 0.548611 0.255469 0.313889
0 0.855859 0.759722 0.157031 0.091667
0 0.372656 0.213889 0.156250 0.091667
0 0.558984 0.084722 0.157031 0.119444
0 0.117188 0.341667 0.156250 0.091667
0 0.721094 0.302778 0.156250 0.091667
0 0.379688 0.644444 0.164062 0.119444
0 0.259375 0.509722 0.156250 0.091667
0 0.146875 0.119444 0.156250 0.091667
0 0.436719 0.772222 0.164062 0.119444
0 0.200000 0.745833 0.156250 0.091667
0 0.241406 0.937500 0.156250 0.091667
0 0.910156 0.275000 0.156250 0.091667
0 0.532031 0.902778 0.164062 0.119444
0 0.863281 0.918056 0.156250 0.091667
0 0.201563 0.612500 0.156250 0.091667
0 0.894531 0.075000 0.156250 0.091667
0 0.722656 0.134722 0.156250 0.091667
1 0.469336 0.364583 0.150410 0.456944
1 0.408203 0.708333 0.013094 0.025000
1 0.497852 0.428472 0.110399 0.584722