0 0.176172 0.506944 0.257031 0.286111
0 0.814844 0.881944 0.156250 0.091667
0 0.471875 0.208333 0.156250 0.091667
0 0.603125 0.898611 0.156250 0.091667
0 0.258594 0.241667 0.156250 0.119444
0 0.100781 0.177778 0.156250 0.091667
0 0.478125 0.762500 0.156250 0.091667
0 0.283594 0.880556 0.156250 0.091667
0 0.830469 0.330556 0.156250 0.091667
0 0.764844 0.476389 0.156250 0.119444
0 0.482031 0.062500 0.156250 0.091667
0 0.518750 0.472222 0.156250 0.091667
0 0.432812 0.647222 0.156250 0.119444
0 0.685156 0.065278 0.156250 0.091667
0 0.505469 0.309722 0.156250 0.091667
0 0.703906 0.188889 0.156250 0.119444
0 0.646875 0.727778 0.156250 0.119444
0 0.268750 0.787500 0.156250 0.091667
1 0.511719 0.359028 0.359375 0.178944
1 0.598828 0.560978 0.185156 0.108762
1 0.568359 0.418056 0.209820 0.355556
1 0.671133 0.458333 0.062281 0.436111