0 0.511719 0.600000 0.259375 0.258333
0 0.382812 0.369444 0.156250 0.091667
0 0.601562 0.286111 0.156250 0.091667
0 0.843750 0.154167 0.156250 0.091667
0 0.117969 0.106944 0.156250 0.119444
0 0.293750 0.808333 0.156250 0.091667
0 0.534375 0.904167 0.156250 0.091667
0 0.518750 0.095833 0.156250 0.119444
0 0.893750 0.862500 0.156250 0.091667
0 0.198437 0.262500 0.156250 0.091667
0 0.782813 0.711111 0.156250 0.119444
0 0.123438 0.704167 0.156250 0.091667
0 0.828125 0.575000 0.156250 0.091667
0 0.300781 0.638889 0.156250 0.091667
1 0.318359 0.075309 0.253906 0.075605
1 0.450391 0.409028 0.542778 0.501389