0 0.753125 0.631944 0.264062 0.230556
0 0.154688 0.426389 0.156250 0.091667
0 0.478906 0.755556 0.156250 0.091667
0 0.201953 0.198611 0.183594 0.119444
0 0.143750 0.529167 0.156250 0.091667
0 0.685156 0.073611 0.156250 0.091667
0 0.444531 0.281944 0.156250 0.091667
0 0.877344 0.344444 0.164062 0.119444
0 0.541406 0.434722 0.156250 0.091667
0 0.108594 0.775000 0.156250 0.091667
0 0.642188 0.204167 0.156250 0.091667
0 0.332031 0.645833 0.156250 0.091667
0 0.512500 0.877778 0.164062 0.119444
0 0.174219 0.902778 0.156250 0.091667
1 0.544531 0.273082 0.510938 0.125967
1 0.694922 0.611111 0.292509 0.430556