0 0.357422 0.197222 0.257031 0.286111
0 0.511719 0.680556 0.156250 0.091667
0 0.726562 0.162500 0.156250 0.091667
0 0.291406 0.529167 0.156250 0.091667
0 0.865625 0.287500 0.156250 0.119444
0 0.173437 0.913889 0.156250 0.091667
0 0.816406 0.550000 0.156250 0.091667
0 0.453125 0.561111 0.156250 0.091667
0 0.857031 0.904167 0.156250 0.091667
0 0.823438 0.423611 0.156250 0.119444
0 0.131250 0.486111 0.156250 0.091667
0 0.869531 0.784722 0.156250 0.091667
0 0.670312 0.768056 0.156250 0.119444
0 0.403906 0.784722 0.156250 0.091667
0 0.837500 0.059722 0.156250 0.091667
0 0.201563 0.748611 0.156250 0.119444
0 0.100781 0.354167 0.156250 0.119444
0 0.582812 0.431944 0.156250 0.091667
1 0.844531 0.355556 0.014541 0.033333
1 0.746875 0.595833 0.109400 0.241667
1 0.435937 0.733804 0.321875 0.078689
1 0.151172 0.551389 0.079638 0.291667