0 0.341016 0.188889 0.257031 0.286111
0 0.470313 0.658333 0.156250 0.091667
0 0.693750 0.086111 0.156250 0.091667
0 0.598437 0.227778 0.156250 0.091667
0 0.880469 0.754167 0.156250 0.119444
0 0.217969 0.386111 0.156250 0.091667
0 0.115625 0.780556 0.156250 0.091667
0 0.881250 0.491667 0.156250 0.091667
0 0.489844 0.936111 0.156250 0.091667
0 0.214844 0.506944 0.156250 0.119444
0 0.280469 0.937500 0.156250 0.091667
0 0.287500 0.615278 0.156250 0.091667
0 0.506250 0.470833 0.156250 0.119444
0 0.896094 0.906944 0.156250 0.091667
0 0.882031 0.594444 0.156250 0.091667
0 0.528906 0.770833 0.156250 0.119444
0 0.681250 0.386111 0.156250 0.119444
0 0.865625 0.383333 0.156250 0.091667
1 0.547656 0.630556 0.518750 0.205856
1 0.360547 0.502723 0.144531 0.061083
1 0.513370 0.620833 0.031427 0.197222
1 0.605078 0.578472 0.114421 0.281944