0 0.426953 0.522222 0.257031 0.286111
0 0.755469 0.669444 0.156250 0.091667
0 0.390625 0.168056 0.156250 0.091667
0 0.857031 0.270833 0.156250 0.091667
0 0.310156 0.852778 0.156250 0.119444
0 0.266406 0.063889 0.156250 0.091667
0 0.637500 0.493056 0.156250 0.091667
0 0.752344 0.100000 0.156250 0.091667
0 0.097656 0.456944 0.156250 0.091667
0 0.168750 0.312500 0.156250 0.119444
0 0.102344 0.104167 0.156250 0.091667
0 0.647656 0.394444 0.156250 0.091667
0 0.804688 0.398611 0.156250 0.119444
0 0.618750 0.887500 0.156250 0.091667
0 0.101562 0.815278 0.156250 0.091667
0 0.685156 0.256944 0.156250 0.119444
0 0.146094 0.570833 0.156250 0.119444
0 0.913281 0.648611 0.156250 0.091667
1 0.239453 0.582639 0.119519 0.437500
1 0.486719 0.367015 0.489063 0.104539
1 0.744922 0.327778 0.028125 0.038889
1 0.415625 0.413889 0.392188 0.239573