0 0.095703 0.169444 0.157031 0.119444
0 0.860156 0.936111 0.156250 0.091667
0 0.682813 0.375000 0.156250 0.091667
0 0.485156 0.313889 0.156250 0.091667
0 0.671875 0.123611 0.265625 0.119444
0 0.296094 0.848611 0.156250 0.091667
0 0.696875 0.780556 0.156250 0.091667
0 0.364063 0.159722 0.265625 0.119444
0 0.394531 0.562500 0.156250 0.091667
0 0.182031 0.277778 0.156250 0.091667
0 0.271875 0.468056 0.156250 0.091667
0 0.598437 0.905556 0.265625 0.119444
0 0.740625 0.481944 0.156250 0.091667
0 0.857812 0.640278 0.156250 0.091667
0 0.095312 0.604167 0.156250 0.091667