0 0.270703 0.277778 0.157031 0.119444
0 0.184375 0.862500 0.156250 0.091667
0 0.757031 0.341667 0.156250 0.091667
0 0.295312 0.443056 0.156250 0.091667
0 0.710156 0.652778 0.265625 0.119444
0 0.396875 0.063889 0.156250 0.091667
0 0.758594 0.183333 0.156250 0.091667
0 0.151562 0.573611 0.265625 0.119444
0 0.897656 0.458333 0.156250 0.091667
0 0.475781 0.761111 0.156250 0.091667
0 0.221875 0.102778 0.156250 0.091667
0 0.465625 0.881944 0.265625 0.119444
0 0.380469 0.611111 0.156250 0.091667
0 0.103906 0.308333 0.156250 0.091667
0 0.486719 0.229167 0.156250 0.091667