0 0.400781 0.548611 0.267188 0.230556
0 0.882422 0.459722 0.157031 0.091667
0 0.632031 0.384722 0.156250 0.091667
0 0.806250 0.608333 0.164062 0.119444
0 0.525000 0.186111 0.156250 0.091667
0 0.141406 0.840278 0.156250 0.091667
0 0.124219 0.661111 0.156250 0.091667
0 0.222656 0.313889 0.164062 0.119444
0 0.392969 0.294444 0.156250 0.091667
0 0.117188 0.520833 0.156250 0.091667
0 0.855469 0.131944 0.156250 0.091667
0 0.214062 0.080556 0.156250 0.091667
0 0.628906 0.852778 0.164062 0.119444
0 0.101562 0.202778 0.156250 0.091667
0 0.630469 0.291667 0.156250 0.091667
0 0.471875 0.087500 0.156250 0.091667
1 0.514453 0.461111 0.428906 0.228336
1 0.425781 0.583333 0.325580 0.436111