0 0.162891 0.823611 0.233594 0.286111
0 0.500000 0.723611 0.156250 0.091667
0 0.219531 0.515278 0.156250 0.091667
0 0.213281 0.351389 0.156250 0.091667
0 0.123438 0.194444 0.156250 0.091667
0 0.514844 0.608333 0.156250 0.119444
0 0.415625 0.415278 0.156250 0.091667
0 0.733594 0.136111 0.156250 0.091667
0 0.771875 0.523611 0.156250 0.091667
0 0.205469 0.622222 0.156250 0.091667
0 0.903125 0.294444 0.156250 0.119444
0 0.628906 0.866667 0.156250 0.091667
0 0.902344 0.175000 0.156250 0.091667
0 0.535156 0.129167 0.156250 0.119444
0 0.857812 0.754167 0.156250 0.091667
0 0.254688 0.077778 0.156250 0.119444
0 0.642188 0.293056 0.156250 0.091667
0 0.880469 0.423611 0.156250 0.091667
1 0.708984 0.451389 0.249903 0.211111
1 0.394922 0.092600 0.133594 0.061172