0 0.393359 0.486111 0.257031 0.286111
0 0.732031 0.593056 0.156250 0.091667
0 0.113281 0.845833 0.156250 0.091667
0 0.373437 0.173611 0.156250 0.091667
0 0.754687 0.401389 0.156250 0.119444
0 0.230469 0.287500 0.156250 0.091667
0 0.707812 0.831944 0.156250 0.091667
0 0.286719 0.761111 0.156250 0.091667
0 0.095312 0.669444 0.156250 0.091667
0 0.884375 0.204167 0.156250 0.119444
0 0.531250 0.875000 0.156250 0.091667
0 0.667969 0.137500 0.156250 0.091667
0 0.150781 0.433333 0.156250 0.119444
0 0.115625 0.101389 0.156250 0.091667
0 0.513281 0.697222 0.156250 0.091667
0 0.907031 0.530556 0.156250 0.119444
0 0.868750 0.890278 0.156250 0.119444
0 0.616406 0.263889 0.156250 0.091667
1 0.819531 0.302778 0.060519 0.094444
1 0.517578 0.318750 0.586719 0.197023
1 0.528906 0.490366 0.609375 0.110645
1 0.884146 0.710417 0.042433 0.256944