0 0.507812 0.448611 0.264062 0.230556
0 0.614062 0.097222 0.156250 0.091667
0 0.834375 0.390278 0.156250 0.091667
0 0.109766 0.794444 0.183594 0.119444
0 0.805469 0.515278 0.156250 0.091667
0 0.796094 0.797222 0.156250 0.091667
0 0.428906 0.698611 0.156250 0.091667
0 0.586719 0.900000 0.164062 0.119444
0 0.088281 0.419444 0.156250 0.091667
0 0.359375 0.106944 0.156250 0.091667
0 0.859375 0.213889 0.156250 0.091667
0 0.600781 0.237500 0.156250 0.091667
0 0.153125 0.601389 0.164062 0.119444
0 0.739062 0.619444 0.156250 0.091667
1 0.353125 0.859097 0.312500 0.105339
1 0.369922 0.750694 0.278906 0.202290