0 0.600781 0.505556 0.267188 0.230556
0 0.239453 0.801389 0.157031 0.091667
0 0.412500 0.870833 0.156250 0.091667
0 0.344531 0.579167 0.164062 0.119444
0 0.581250 0.850000 0.156250 0.091667
0 0.504687 0.729167 0.156250 0.091667
0 0.342969 0.438889 0.156250 0.091667
0 0.807813 0.100000 0.164062 0.119444
0 0.856250 0.548611 0.156250 0.091667
0 0.198437 0.293056 0.156250 0.091667
0 0.283594 0.188889 0.156250 0.091667
0 0.471875 0.102778 0.156250 0.091667
0 0.810937 0.229167 0.164062 0.119444
0 0.904687 0.923611 0.156250 0.091667
0 0.744531 0.797222 0.156250 0.091667
0 0.704688 0.686111 0.156250 0.091667
1 0.576172 0.339583 0.357172 0.376389
1 0.809024 0.164583 0.010313 0.026389