0 0.755078 0.800000 0.233594 0.286111
0 0.136719 0.394444 0.156250 0.091667
0 0.128906 0.256944 0.156250 0.091667
0 0.770312 0.502778 0.156250 0.091667
0 0.467969 0.415278 0.156250 0.091667
0 0.289062 0.719444 0.156250 0.119444
0 0.285938 0.593056 0.156250 0.091667
0 0.342187 0.168056 0.156250 0.091667
0 0.182812 0.869444 0.156250 0.091667
0 0.432031 0.919444 0.156250 0.091667
0 0.681250 0.355556 0.156250 0.119444
0 0.836719 0.126389 0.156250 0.091667
0 0.556250 0.775000 0.156250 0.091667
0 0.539062 0.105556 0.156250 0.119444
0 0.103125 0.162500 0.156250 0.091667
0 0.596875 0.541667 0.156250 0.119444
0 0.132031 0.722222 0.156250 0.091667
0 0.894531 0.344444 0.156250 0.091667
1 0.485156 0.537500 0.272829 0.261111
1 0.565104 0.323611 0.057083 0.333333