0 0.444922 0.420833 0.157031 0.119444
0 0.242969 0.648611 0.156250 0.091667
0 0.701562 0.309722 0.156250 0.091667
0 0.807031 0.204167 0.156250 0.091667
0 0.603906 0.545833 0.265625 0.119444
0 0.471875 0.837500 0.156250 0.091667
0 0.249219 0.772222 0.156250 0.091667
0 0.360938 0.215278 0.265625 0.119444
0 0.780469 0.886111 0.156250 0.091667
0 0.649219 0.090278 0.156250 0.091667
0 0.128125 0.937500 0.156250 0.091667
0 0.671094 0.684722 0.265625 0.119444
0 0.913281 0.684722 0.156250 0.091667
0 0.230469 0.068056 0.156250 0.091667
0 0.110937 0.240278 0.156250 0.091667