0 0.859766 0.502778 0.233594 0.286111
0 0.695312 0.801389 0.156250 0.091667
0 0.602344 0.438889 0.156250 0.091667
0 0.430469 0.379167 0.156250 0.091667
0 0.262500 0.829167 0.156250 0.091667
0 0.090625 0.576389 0.156250 0.119444
0 0.624219 0.162500 0.156250 0.091667
0 0.196875 0.265278 0.156250 0.091667
0 0.425000 0.727778 0.156250 0.091667
0 0.477344 0.581944 0.156250 0.091667
0 0.278125 0.129167 0.156250 0.119444
0 0.801562 0.918056 0.156250 0.091667
0 0.611719 0.901389 0.156250 0.091667
0 0.166406 0.434722 0.156250 0.119444
0 0.361719 0.477778 0.156250 0.091667
0 0.817969 0.268056 0.156250 0.119444
0 0.427344 0.833333 0.156250 0.091667
0 0.871875 0.804167 0.156250 0.091667
1 0.184375 0.352778 0.146797 0.344444
1 0.492188 0.351389 0.504687 0.143365