0 0.610547 0.240278 0.257031 0.286111
0 0.660937 0.877778 0.156250 0.091667
0 0.104688 0.919444 0.156250 0.091667
0 0.903906 0.401389 0.156250 0.091667
0 0.228125 0.716667 0.156250 0.119444
0 0.127344 0.168056 0.156250 0.091667
0 0.214062 0.306944 0.156250 0.091667
0 0.851562 0.305556 0.156250 0.091667
0 0.294531 0.472222 0.156250 0.091667
0 0.123438 0.440278 0.156250 0.119444
0 0.585938 0.662500 0.156250 0.091667
0 0.392188 0.684722 0.156250 0.091667
0 0.765625 0.573611 0.156250 0.119444
0 0.379688 0.090278 0.156250 0.091667
0 0.664062 0.773611 0.156250 0.091667
0 0.276562 0.855556 0.156250 0.119444
0 0.839063 0.120833 0.156250 0.119444
0 0.844531 0.691667 0.156250 0.091667
1 0.175781 0.578472 0.068821 0.173611
1 0.444531 0.509312 0.495312 0.122293
1 0.521094 0.714583 0.342187 0.208533
1 0.557813 0.488194 0.480429 0.631944