0 0.367969 0.337500 0.267188 0.230556
0 0.366016 0.930556 0.157031 0.091667
0 0.561719 0.773611 0.156250 0.091667
0 0.130469 0.831944 0.164062 0.119444
0 0.835938 0.258333 0.156250 0.091667
0 0.608594 0.375000 0.156250 0.091667
0 0.750781 0.688889 0.156250 0.091667
0 0.254688 0.080556 0.164062 0.119444
0 0.564844 0.911111 0.156250 0.091667
0 0.194531 0.508333 0.156250 0.091667
0 0.740625 0.552778 0.156250 0.091667
0 0.240625 0.613889 0.156250 0.091667
0 0.329688 0.769444 0.164062 0.119444
0 0.520312 0.104167 0.156250 0.091667
0 0.863281 0.797222 0.156250 0.091667
0 0.542969 0.590278 0.156250 0.091667
1 0.192578 0.456250 0.113847 0.648611
1 0.292187 0.425000 0.071371 0.586111