0 0.166797 0.395833 0.257031 0.286111
0 0.853125 0.616667 0.156250 0.091667
0 0.629687 0.456944 0.156250 0.091667
0 0.406250 0.304167 0.156250 0.091667
0 0.323437 0.897222 0.156250 0.119444
0 0.897656 0.130556 0.156250 0.091667
0 0.439063 0.102778 0.156250 0.091667
0 0.687500 0.575000 0.156250 0.091667
0 0.666406 0.845833 0.156250 0.091667
0 0.282031 0.665278 0.156250 0.119444
0 0.099219 0.759722 0.156250 0.091667
0 0.563281 0.302778 0.156250 0.091667
0 0.495312 0.872222 0.156250 0.119444
0 0.837500 0.338889 0.156250 0.091667
0 0.394531 0.494444 0.156250 0.091667
0 0.462500 0.730556 0.156250 0.119444
0 0.851562 0.926389 0.156250 0.119444
0 0.094531 0.856944 0.156250 0.091667
1 0.302734 0.781250 0.029458 0.129167
1 0.388672 0.768750 0.099554 0.104167
1 0.478906 0.801389 0.014522 0.038889
1 0.657031 0.828472 0.242188 0.133852