0 0.286328 0.186111 0.255469 0.313889
0 0.731641 0.076389 0.157031 0.091667
0 0.452344 0.880556 0.156250 0.091667
0 0.777734 0.613889 0.157031 0.119444
0 0.703125 0.272222 0.156250 0.091667
0 0.119531 0.736111 0.156250 0.091667
0 0.826562 0.915278 0.164062 0.119444
0 0.733594 0.375000 0.156250 0.091667
0 0.282031 0.423611 0.156250 0.091667
0 0.586719 0.666667 0.164062 0.119444
0 0.770312 0.747222 0.156250 0.091667
0 0.123438 0.565278 0.156250 0.091667
0 0.235156 0.906944 0.156250 0.091667
0 0.372656 0.618056 0.164062 0.119444
0 0.903125 0.129167 0.156250 0.091667
0 0.652344 0.868056 0.156250 0.091667
0 0.904687 0.286111 0.156250 0.091667
0 0.506250 0.230556 0.156250 0.091667
1 0.801842 0.764583 0.039465 0.198611
1 0.706641 0.790972 0.133987 0.145833
1 0.683984 0.641750 0.039844 0.029001