0 0.740234 0.195833 0.233594 0.286111
0 0.182031 0.841667 0.156250 0.091667
0 0.470313 0.525000 0.156250 0.091667
0 0.830469 0.609722 0.156250 0.091667
0 0.493750 0.856944 0.156250 0.091667
0 0.763281 0.870833 0.156250 0.119444
0 0.229687 0.091667 0.156250 0.091667
0 0.225781 0.273611 0.156250 0.091667
0 0.178906 0.429167 0.156250 0.091667
0 0.143750 0.676389 0.156250 0.091667
0 0.433594 0.098611 0.156250 0.119444
0 0.911719 0.729167 0.156250 0.091667
0 0.617969 0.729167 0.156250 0.091667
0 0.388281 0.363889 0.156250 0.119444
0 0.458594 0.640278 0.156250 0.091667
0 0.172656 0.563889 0.156250 0.119444
0 0.432812 0.213889 0.156250 0.091667
0 0.721875 0.408333 0.156250 0.091667
1 0.598437 0.484722 0.288068 0.669444
1 0.280469 0.463889 0.096224 0.097222