0 0.264453 0.279167 0.233594 0.286111
0 0.539062 0.851389 0.156250 0.091667
0 0.850000 0.605556 0.156250 0.091667
0 0.577344 0.745833 0.156250 0.091667
0 0.127344 0.626389 0.156250 0.091667
0 0.551562 0.104167 0.156250 0.119444
0 0.335156 0.890278 0.156250 0.091667
0 0.532813 0.440278 0.156250 0.091667
0 0.855469 0.330556 0.156250 0.091667
0 0.405469 0.605556 0.156250 0.091667
0 0.521094 0.270833 0.156250 0.119444
0 0.782031 0.491667 0.156250 0.091667
0 0.895312 0.202778 0.156250 0.091667
0 0.134375 0.811111 0.156250 0.119444
0 0.878125 0.927778 0.156250 0.091667
0 0.141406 0.491667 0.156250 0.119444
0 0.865625 0.830556 0.156250 0.091667
0 0.878906 0.100000 0.156250 0.091667
1 0.536328 0.187500 0.018008 0.063889
1 0.145228 0.651389 0.028451 0.216667