0 0.143359 0.768056 0.257031 0.286111
0 0.670312 0.080556 0.156250 0.091667
0 0.176563 0.576389 0.156250 0.091667
0 0.377344 0.140278 0.156250 0.091667
0 0.282031 0.330556 0.156250 0.119444
0 0.381250 0.712500 0.156250 0.091667
0 0.439844 0.566667 0.156250 0.091667
0 0.780469 0.411111 0.156250 0.091667
0 0.417969 0.850000 0.156250 0.091667
0 0.686719 0.736111 0.156250 0.119444
0 0.657031 0.536111 0.156250 0.091667
0 0.651563 0.226389 0.156250 0.091667
0 0.471094 0.325000 0.156250 0.119444
0 0.167969 0.136111 0.156250 0.091667
0 0.902344 0.076389 0.156250 0.091667
0 0.889062 0.579167 0.156250 0.119444
0 0.192969 0.468056 0.156250 0.119444
0 0.853125 0.919444 0.156250 0.091667
1 0.484375 0.533333 0.294874 0.302778
1 0.578906 0.530556 0.162352 0.308333
1 0.680078 0.452083 0.271094 0.175818
1 0.541016 0.517487 0.549219 0.115085