0 0.162891 0.409722 0.257031 0.286111
0 0.392969 0.461111 0.156250 0.091667
0 0.828906 0.425000 0.156250 0.091667
0 0.587500 0.601389 0.156250 0.091667
0 0.702344 0.173611 0.156250 0.119444
0 0.611719 0.768056 0.156250 0.091667
0 0.382812 0.294444 0.156250 0.091667
0 0.742969 0.311111 0.156250 0.091667
0 0.575781 0.391667 0.156250 0.091667
0 0.146875 0.701389 0.156250 0.119444
0 0.087500 0.175000 0.156250 0.091667
0 0.847656 0.665278 0.156250 0.091667
0 0.904687 0.894444 0.156250 0.119444
0 0.416406 0.659722 0.156250 0.091667
0 0.666406 0.926389 0.156250 0.091667
0 0.369531 0.151389 0.156250 0.119444
0 0.164844 0.887500 0.156250 0.119444
0 0.382812 0.820833 0.156250 0.091667
1 0.424609 0.437500 0.439132 0.425000
1 0.525781 0.797917 0.610938 0.169917
1 0.637109 0.522917 0.458506 0.640278
1 0.267188 0.519444 0.180849 0.633333