0 0.283594 0.763889 0.323437 0.258333
0 0.793750 0.169444 0.156250 0.091667
0 0.892969 0.886111 0.156250 0.091667
0 0.628906 0.279167 0.156250 0.091667
0 0.399219 0.305556 0.156250 0.091667
0 0.567969 0.865278 0.156250 0.119444
0 0.092969 0.091667 0.156250 0.091667
0 0.166406 0.523611 0.156250 0.091667
0 0.721875 0.384722 0.156250 0.091667
0 0.328906 0.531944 0.156250 0.119444
0 0.546094 0.669444 0.156250 0.091667
0 0.585156 0.100000 0.156250 0.091667
0 0.889062 0.673611 0.156250 0.091667
0 0.486328 0.409722 0.167969 0.091667
0 0.389062 0.190278 0.156250 0.119444
0 0.710547 0.645833 0.157031 0.119444
0 0.136719 0.345833 0.156250 0.091667
1 0.448437 0.698611 0.162773 0.230556
1 0.358984 0.361111 0.048501 0.238889
1 0.549805 0.418056 0.246568 0.352778