0 0.748437 0.715278 0.267188 0.230556
0 0.685547 0.891667 0.157031 0.091667
0 0.146094 0.087500 0.156250 0.091667
0 0.292969 0.345833 0.164062 0.119444
0 0.564844 0.377778 0.156250 0.091667
0 0.766406 0.111111 0.156250 0.091667
0 0.161719 0.588889 0.156250 0.091667
0 0.453906 0.712500 0.164062 0.119444
0 0.550781 0.470833 0.156250 0.091667
0 0.521094 0.563889 0.156250 0.091667
0 0.340625 0.079167 0.156250 0.091667
0 0.792188 0.490278 0.156250 0.091667
0 0.338281 0.916667 0.164062 0.119444
0 0.119531 0.181944 0.156250 0.091667
0 0.802344 0.390278 0.156250 0.091667
0 0.120313 0.372222 0.156250 0.091667
1 0.373437 0.529167 0.117886 0.263889
1 0.396094 0.814583 0.057355 0.101389