0 0.595313 0.275000 0.323437 0.258333
0 0.814063 0.934722 0.156250 0.091667
0 0.407813 0.665278 0.156250 0.091667
0 0.647656 0.634722 0.156250 0.091667
0 0.878125 0.065278 0.156250 0.091667
0 0.737500 0.787500 0.156250 0.119444
0 0.675781 0.530556 0.156250 0.091667
0 0.872656 0.411111 0.156250 0.091667
0 0.320312 0.762500 0.156250 0.091667
0 0.904687 0.691667 0.156250 0.119444
0 0.088281 0.122222 0.156250 0.091667
0 0.350781 0.340278 0.156250 0.091667
0 0.167187 0.259722 0.156250 0.091667
0 0.408203 0.890278 0.167969 0.091667
0 0.335156 0.075000 0.156250 0.119444
0 0.465234 0.509722 0.157031 0.119444
0 0.227344 0.470833 0.156250 0.091667
1 0.821094 0.739583 0.020313 0.022936
1 0.619922 0.383333 0.468592 0.513889
1 0.400195 0.292361 0.103713 0.331944