0 0.373437 0.851389 0.323437 0.258333
0 0.421875 0.283333 0.156250 0.091667
0 0.899219 0.112500 0.156250 0.091667
0 0.825000 0.230556 0.156250 0.091667
0 0.118750 0.629167 0.156250 0.091667
0 0.354687 0.406944 0.156250 0.119444
0 0.906250 0.469444 0.156250 0.091667
0 0.634375 0.706944 0.156250 0.091667
0 0.467969 0.525000 0.156250 0.091667
0 0.708594 0.484722 0.156250 0.119444
0 0.850781 0.937500 0.156250 0.091667
0 0.680469 0.133333 0.156250 0.091667
0 0.103906 0.272222 0.156250 0.091667
0 0.878516 0.359722 0.167969 0.091667
0 0.293750 0.600000 0.156250 0.119444
0 0.261328 0.195833 0.157031 0.119444
0 0.101562 0.511111 0.156250 0.091667
1 0.531641 0.461328 0.207031 0.091094
1 0.501172 0.532881 0.267969 0.107485
1 0.283841 0.397917 0.044819 0.301389