0 0.522266 0.783333 0.257031 0.286111
0 0.304688 0.391667 0.156250 0.091667
0 0.479687 0.333333 0.156250 0.091667
0 0.185938 0.208333 0.156250 0.091667
0 0.629687 0.555556 0.156250 0.119444
0 0.750000 0.129167 0.156250 0.091667
0 0.169531 0.759722 0.156250 0.091667
0 0.227344 0.529167 0.156250 0.091667
0 0.806250 0.298611 0.156250 0.091667
0 0.289844 0.637500 0.156250 0.119444
0 0.810937 0.761111 0.156250 0.091667
0 0.221094 0.886111 0.156250 0.091667
0 0.822656 0.601389 0.156250 0.119444
0 0.783594 0.884722 0.156250 0.091667
0 0.653906 0.437500 0.156250 0.091667
0 0.840625 0.459722 0.156250 0.119444
0 0.231250 0.087500 0.156250 0.119444
0 0.428125 0.094444 0.156250 0.091667
1 0.459766 0.583116 0.192969 0.087759
1 0.556250 0.640822 0.385937 0.084943
1 0.831873 0.530556 0.012659 0.038889
1 0.535937 0.273611 0.462500 0.293447