0 0.494922 0.547222 0.255469 0.313889
0 0.681641 0.936111 0.157031 0.091667
0 0.231250 0.115278 0.156250 0.091667
0 0.656641 0.152778 0.157031 0.119444
0 0.142969 0.295833 0.156250 0.091667
0 0.184375 0.616667 0.156250 0.091667
0 0.340625 0.273611 0.164062 0.119444
0 0.516406 0.886111 0.156250 0.091667
0 0.095312 0.476389 0.156250 0.091667
0 0.869531 0.280556 0.164062 0.119444
0 0.322656 0.805556 0.156250 0.091667
0 0.862500 0.608333 0.156250 0.091667
0 0.442969 0.104167 0.156250 0.091667
0 0.139063 0.818056 0.164062 0.119444
0 0.906250 0.143056 0.156250 0.091667
0 0.808594 0.740278 0.156250 0.091667
0 0.873437 0.437500 0.156250 0.091667
0 0.625781 0.780556 0.156250 0.091667
1 0.500391 0.206655 0.164844 0.087848
1 0.605078 0.303663 0.374219 0.074616
1 0.761328 0.215612 0.061719 0.048084