0 0.204297 0.815278 0.257031 0.286111
0 0.188281 0.494444 0.156250 0.091667
0 0.739062 0.365278 0.156250 0.091667
0 0.492969 0.183333 0.156250 0.091667
0 0.099219 0.156944 0.156250 0.119444
0 0.408594 0.604167 0.156250 0.091667
0 0.774219 0.859722 0.156250 0.091667
0 0.809375 0.250000 0.156250 0.091667
0 0.433594 0.801389 0.156250 0.091667
0 0.758594 0.736111 0.156250 0.119444
0 0.775781 0.565278 0.156250 0.091667
0 0.856250 0.084722 0.156250 0.091667
0 0.517969 0.429167 0.156250 0.119444
0 0.416406 0.090278 0.156250 0.091667
0 0.236719 0.594444 0.156250 0.091667
0 0.240625 0.319444 0.156250 0.119444
0 0.660937 0.119444 0.156250 0.119444
0 0.583594 0.656944 0.156250 0.091667
1 0.428906 0.446528 0.532764 0.476389
1 0.638281 0.582639 0.156363 0.204167
1 0.379297 0.370136 0.130469 0.072912
1 0.450781 0.219444 0.273438 0.142317