0 0.508984 0.618056 0.233594 0.286111
0 0.796094 0.181944 0.156250 0.091667
0 0.743750 0.283333 0.156250 0.091667
0 0.535937 0.312500 0.156250 0.091667
0 0.194531 0.519444 0.156250 0.091667
0 0.803906 0.722222 0.156250 0.119444
0 0.089844 0.741667 0.156250 0.091667
0 0.564844 0.211111 0.156250 0.091667
0 0.508594 0.081944 0.156250 0.091667
0 0.762500 0.558333 0.156250 0.091667
0 0.766406 0.400000 0.156250 0.119444
0 0.833594 0.883333 0.156250 0.091667
0 0.357812 0.906944 0.156250 0.091667
0 0.667188 0.909722 0.156250 0.119444
0 0.278906 0.652778 0.156250 0.091667
0 0.089844 0.111111 0.156250 0.119444
0 0.349219 0.158333 0.156250 0.091667
0 0.256250 0.270833 0.156250 0.091667
1 0.787811 0.561111 0.038284 0.219444
1 0.378516 0.510417 0.500368 0.695833