0 0.652734 0.340278 0.233594 0.286111
0 0.267188 0.540278 0.156250 0.091667
0 0.896094 0.365278 0.156250 0.091667
0 0.498437 0.833333 0.156250 0.091667
0 0.313281 0.290278 0.156250 0.091667
0 0.126562 0.712500 0.156250 0.119444
0 0.906250 0.568056 0.156250 0.091667
0 0.784375 0.769444 0.156250 0.091667
0 0.479687 0.611111 0.156250 0.091667
0 0.734375 0.579167 0.156250 0.091667
0 0.092969 0.301389 0.156250 0.119444
0 0.865625 0.251389 0.156250 0.091667
0 0.887500 0.098611 0.156250 0.091667
0 0.085938 0.887500 0.156250 0.119444
0 0.132031 0.119444 0.156250 0.091667
0 0.276562 0.409722 0.156250 0.119444
0 0.664062 0.104167 0.156250 0.091667
0 0.314063 0.825000 0.156250 0.091667
1 0.116112 0.506944 0.045901 0.308333
1 0.181250 0.648611 0.152344 0.375000