0 0.217969 0.495833 0.323437 0.258333
0 0.537500 0.719444 0.156250 0.091667
0 0.512500 0.334722 0.156250 0.091667
0 0.775781 0.508333 0.156250 0.091667
0 0.167969 0.300000 0.156250 0.091667
0 0.734375 0.252778 0.156250 0.119444
0 0.108594 0.166667 0.156250 0.091667
0 0.367188 0.083333 0.156250 0.091667
0 0.631250 0.073611 0.156250 0.091667
0 0.534375 0.540278 0.156250 0.119444
0 0.781250 0.734722 0.156250 0.091667
0 0.628906 0.831944 0.156250 0.091667
0 0.415625 0.879167 0.156250 0.091667
0 0.886328 0.095833 0.167969 0.091667
0 0.182031 0.856944 0.156250 0.119444
0 0.901953 0.904167 0.157031 0.119444
0 0.088281 0.734722 0.156250 0.091667
1 0.634375 0.396528 0.126283 0.184722
1 0.358203 0.698611 0.228817 0.213889
1 0.541797 0.899065 0.572656 0.090658