0 0.846094 0.816667 0.267188 0.230556
0 0.384766 0.176389 0.157031 0.091667
0 0.612500 0.820833 0.156250 0.091667
0 0.478125 0.283333 0.164062 0.119444
0 0.692187 0.412500 0.156250 0.091667
0 0.247656 0.562500 0.156250 0.091667
0 0.593750 0.669444 0.156250 0.091667
0 0.559375 0.087500 0.164062 0.119444
0 0.303125 0.693056 0.156250 0.091667
0 0.107031 0.911111 0.156250 0.091667
0 0.087500 0.784722 0.156250 0.091667
0 0.825781 0.554167 0.156250 0.091667
0 0.399219 0.922222 0.164062 0.119444
0 0.345313 0.408333 0.156250 0.091667
0 0.764062 0.090278 0.156250 0.091667
0 0.152344 0.433333 0.156250 0.091667
1 0.518750 0.185417 0.041068 0.093056
1 0.479297 0.504861 0.146614 0.731944