0 0.279297 0.781944 0.257031 0.286111
0 0.653125 0.604167 0.156250 0.091667
0 0.905469 0.091667 0.156250 0.091667
0 0.257031 0.293056 0.156250 0.091667
0 0.859375 0.641667 0.156250 0.119444
0 0.589063 0.744444 0.156250 0.091667
0 0.845313 0.486111 0.156250 0.091667
0 0.228906 0.552778 0.156250 0.091667
0 0.873437 0.783333 0.156250 0.091667
0 0.492188 0.141667 0.156250 0.119444
0 0.689063 0.366667 0.156250 0.091667
0 0.334375 0.066667 0.156250 0.091667
0 0.649219 0.215278 0.156250 0.119444
0 0.733594 0.072222 0.156250 0.091667
0 0.262500 0.177778 0.156250 0.091667
0 0.198437 0.431944 0.156250 0.119444
0 0.528906 0.413889 0.156250 0.119444
0 0.658594 0.879167 0.156250 0.091667
1 0.675781 0.391667 0.288845 0.397222
1 0.570703 0.178485 0.010156 0.017058
1 0.423828 0.323611 0.303906 0.158232
1 0.363672 0.443766 0.183594 0.067884