0 0.541797 0.831944 0.257031 0.286111
0 0.552344 0.358333 0.156250 0.091667
0 0.264062 0.802778 0.156250 0.091667
0 0.181250 0.677778 0.156250 0.091667
0 0.105469 0.155556 0.156250 0.119444
0 0.853125 0.784722 0.156250 0.091667
0 0.714844 0.405556 0.156250 0.091667
0 0.233594 0.576389 0.156250 0.091667
0 0.750000 0.637500 0.156250 0.091667
0 0.355469 0.354167 0.156250 0.119444
0 0.104688 0.788889 0.156250 0.091667
0 0.782031 0.209722 0.156250 0.091667
0 0.895312 0.488889 0.156250 0.119444
0 0.107813 0.443056 0.156250 0.091667
0 0.456250 0.597222 0.156250 0.091667
0 0.346094 0.177778 0.156250 0.119444
0 0.685156 0.081944 0.156250 0.119444
0 0.892969 0.102778 0.156250 0.091667
1 0.230469 0.254861 0.109025 0.095833
1 0.625391 0.425104 0.392969 0.119547
1 0.620703 0.333333 0.402344 0.239268
1 0.515625 0.141318 0.192188 0.091252