0 0.819922 0.883333 0.157031 0.119444
0 0.882031 0.440278 0.156250 0.091667
0 0.664062 0.604167 0.156250 0.091667
0 0.703125 0.063889 0.156250 0.091667
0 0.748437 0.205556 0.265625 0.119444
0 0.327344 0.877778 0.156250 0.091667
0 0.148438 0.530556 0.156250 0.091667
0 0.707031 0.747222 0.265625 0.119444
0 0.335156 0.243056 0.156250 0.091667
0 0.147656 0.373611 0.156250 0.091667
0 0.500000 0.916667 0.156250 0.091667
0 0.307812 0.729167 0.265625 0.119444
0 0.703125 0.338889 0.156250 0.091667
0 0.461719 0.084722 0.156250 0.091667
0 0.487500 0.381944 0.156250 0.091667