0 0.628125 0.708333 0.259375 0.258333
0 0.178125 0.775000 0.156250 0.091667
0 0.353906 0.159722 0.156250 0.091667
0 0.642969 0.091667 0.156250 0.091667
0 0.866406 0.781944 0.156250 0.119444
0 0.628906 0.525000 0.156250 0.091667
0 0.292187 0.570833 0.156250 0.091667
0 0.321875 0.909722 0.156250 0.119444
0 0.101562 0.906944 0.156250 0.091667
0 0.284375 0.338889 0.156250 0.091667
0 0.264062 0.445833 0.156250 0.119444
0 0.097656 0.281944 0.156250 0.091667
0 0.131250 0.119444 0.156250 0.091667
0 0.389844 0.712500 0.156250 0.091667
1 0.594141 0.850594 0.397656 0.117301
1 0.565234 0.613889 0.455469 0.265589