0 0.239063 0.819444 0.259375 0.258333
0 0.343750 0.456944 0.156250 0.091667
0 0.126562 0.147222 0.156250 0.091667
0 0.821094 0.233333 0.156250 0.091667
0 0.786719 0.719444 0.156250 0.119444
0 0.442188 0.215278 0.156250 0.091667
0 0.669531 0.841667 0.156250 0.091667
0 0.520312 0.438889 0.156250 0.119444
0 0.885938 0.387500 0.156250 0.091667
0 0.466406 0.806944 0.156250 0.091667
0 0.501563 0.612500 0.156250 0.119444
0 0.701562 0.352778 0.156250 0.091667
0 0.649219 0.184722 0.156250 0.091667
0 0.892188 0.875000 0.156250 0.091667
1 0.653516 0.579167 0.162361 0.177778
1 0.644141 0.660871 0.138281 0.075214