0 0.281641 0.520833 0.233594 0.286111
0 0.366406 0.755556 0.156250 0.091667
0 0.618750 0.518056 0.156250 0.091667
0 0.577344 0.904167 0.156250 0.091667
0 0.857812 0.906944 0.156250 0.091667
0 0.868750 0.111111 0.156250 0.119444
0 0.873437 0.716667 0.156250 0.091667
0 0.456250 0.190278 0.156250 0.091667
0 0.275781 0.891667 0.156250 0.091667
0 0.859375 0.616667 0.156250 0.091667
0 0.730469 0.293056 0.156250 0.119444
0 0.420312 0.283333 0.156250 0.091667
0 0.300781 0.095833 0.156250 0.091667
0 0.900000 0.495833 0.156250 0.119444
0 0.589844 0.083333 0.156250 0.091667
0 0.168750 0.302778 0.156250 0.119444
0 0.527344 0.788889 0.156250 0.091667
0 0.614844 0.666667 0.156250 0.091667
1 0.799609 0.202083 0.056876 0.079167
1 0.534375 0.399306 0.584375 0.168471