0 0.258203 0.436111 0.257031 0.286111
0 0.496094 0.523611 0.156250 0.091667
0 0.549219 0.390278 0.156250 0.091667
0 0.660156 0.680556 0.156250 0.091667
0 0.496875 0.748611 0.156250 0.119444
0 0.817187 0.252778 0.156250 0.091667
0 0.705469 0.530556 0.156250 0.091667
0 0.652344 0.868056 0.156250 0.091667
0 0.393750 0.219444 0.156250 0.091667
0 0.087500 0.808333 0.156250 0.119444
0 0.890625 0.445833 0.156250 0.091667
0 0.852344 0.851389 0.156250 0.091667
0 0.435156 0.076389 0.156250 0.119444
0 0.728125 0.154167 0.156250 0.091667
0 0.233594 0.927778 0.156250 0.091667
0 0.257812 0.695833 0.156250 0.119444
0 0.821875 0.686111 0.156250 0.119444
0 0.652344 0.286111 0.156250 0.091667
1 0.292187 0.760019 0.262500 0.090500
1 0.261328 0.442361 0.300298 0.629167
1 0.346484 0.386111 0.152522 0.516667
1 0.539844 0.716991 0.417187 0.075734