0 0.612891 0.455556 0.257031 0.286111
0 0.600781 0.901389 0.156250 0.091667
0 0.793750 0.729167 0.156250 0.091667
0 0.264062 0.348611 0.156250 0.091667
0 0.871875 0.888889 0.156250 0.119444
0 0.153125 0.563889 0.156250 0.091667
0 0.371875 0.927778 0.156250 0.091667
0 0.343750 0.833333 0.156250 0.091667
0 0.567969 0.240278 0.156250 0.091667
0 0.831250 0.080556 0.156250 0.119444
0 0.855469 0.325000 0.156250 0.091667
0 0.345313 0.093056 0.156250 0.091667
0 0.115625 0.756944 0.156250 0.119444
0 0.835156 0.511111 0.156250 0.091667
0 0.504687 0.115278 0.156250 0.091667
0 0.233594 0.205556 0.156250 0.119444
0 0.557031 0.659722 0.156250 0.119444
0 0.382812 0.690278 0.156250 0.091667
1 0.858470 0.484722 0.057812 0.705556
1 0.473438 0.418750 0.598627 0.573611
1 0.174609 0.481250 0.101789 0.448611
1 0.395313 0.432639 0.247749 0.351389