0 0.600000 0.340278 0.259375 0.258333
0 0.217969 0.408333 0.156250 0.091667
0 0.390625 0.358333 0.156250 0.091667
0 0.243750 0.554167 0.156250 0.091667
0 0.110937 0.676389 0.156250 0.119444
0 0.361719 0.236111 0.156250 0.091667
0 0.303125 0.877778 0.156250 0.091667
0 0.845313 0.769444 0.156250 0.119444
0 0.565625 0.761111 0.156250 0.091667
0 0.711719 0.134722 0.156250 0.091667
0 0.766406 0.638889 0.156250 0.119444
0 0.287500 0.122222 0.156250 0.091667
0 0.912500 0.084722 0.156250 0.091667
0 0.618750 0.880556 0.156250 0.091667
1 0.478125 0.713523 0.587500 0.108710
1 0.438672 0.678262 0.508594 0.086474