0 0.573828 0.205556 0.233594 0.286111
0 0.153125 0.216667 0.156250 0.091667
0 0.821094 0.594444 0.156250 0.091667
0 0.489063 0.668056 0.156250 0.091667
0 0.435156 0.468056 0.156250 0.091667
0 0.905469 0.854167 0.156250 0.119444
0 0.170313 0.793056 0.156250 0.091667
0 0.903125 0.350000 0.156250 0.091667
0 0.088281 0.080556 0.156250 0.091667
0 0.483594 0.777778 0.156250 0.091667
0 0.710938 0.722222 0.156250 0.119444
0 0.169531 0.381944 0.156250 0.091667
0 0.418750 0.933333 0.156250 0.091667
0 0.252344 0.906944 0.156250 0.119444
0 0.609375 0.905556 0.156250 0.091667
0 0.674219 0.448611 0.156250 0.119444
0 0.796094 0.205556 0.156250 0.091667
0 0.314844 0.158333 0.156250 0.091667
1 0.808203 0.788194 0.047656 0.042632
1 0.463281 0.677778 0.321307 0.355556