0 0.844141 0.737500 0.233594 0.286111
0 0.410156 0.287500 0.156250 0.091667
0 0.111719 0.130556 0.156250 0.091667
0 0.129688 0.372222 0.156250 0.091667
0 0.102344 0.606944 0.156250 0.091667
0 0.674219 0.084722 0.156250 0.119444
0 0.607812 0.840278 0.156250 0.091667
0 0.198437 0.748611 0.156250 0.091667
0 0.873437 0.413889 0.156250 0.091667
0 0.345313 0.591667 0.156250 0.091667
0 0.871875 0.205556 0.156250 0.119444
0 0.483594 0.433333 0.156250 0.091667
0 0.382031 0.931944 0.156250 0.091667
0 0.682813 0.250000 0.156250 0.119444
0 0.352344 0.112500 0.156250 0.091667
0 0.427344 0.779167 0.156250 0.119444
0 0.857812 0.093056 0.156250 0.091667
0 0.702344 0.487500 0.156250 0.091667
1 0.773047 0.145139 0.050781 0.041980
1 0.555078 0.514583 0.207179 0.426389