0 0.458203 0.584722 0.233594 0.286111
0 0.898438 0.423611 0.156250 0.091667
0 0.200000 0.072222 0.156250 0.091667
0 0.440625 0.786111 0.156250 0.091667
0 0.621094 0.119444 0.156250 0.091667
0 0.755469 0.606944 0.156250 0.119444
0 0.696094 0.750000 0.156250 0.091667
0 0.888281 0.906944 0.156250 0.091667
0 0.464844 0.304167 0.156250 0.091667
0 0.107813 0.498611 0.156250 0.091667
0 0.141406 0.833333 0.156250 0.119444
0 0.235156 0.669444 0.156250 0.091667
0 0.114062 0.219444 0.156250 0.091667
0 0.424219 0.916667 0.156250 0.119444
0 0.632031 0.298611 0.156250 0.091667
0 0.275781 0.319444 0.156250 0.119444
0 0.882031 0.215278 0.156250 0.091667
0 0.720313 0.918056 0.156250 0.091667
1 0.448437 0.720139 0.467187 0.185450
1 0.350000 0.618056 0.128125 0.494444