0 0.487500 0.611111 0.264062 0.230556
0 0.160938 0.727778 0.156250 0.091667
0 0.897656 0.286111 0.156250 0.091667
0 0.596484 0.315278 0.183594 0.119444
0 0.884375 0.444444 0.156250 0.091667
0 0.351562 0.197222 0.156250 0.091667
0 0.814844 0.550000 0.156250 0.091667
0 0.184375 0.494444 0.164062 0.119444
0 0.632031 0.163889 0.156250 0.091667
0 0.617969 0.854167 0.156250 0.091667
0 0.194531 0.062500 0.156250 0.091667
0 0.457031 0.848611 0.156250 0.091667
0 0.161719 0.233333 0.164062 0.119444
0 0.865625 0.091667 0.156250 0.091667
1 0.385547 0.405900 0.247656 0.122429
1 0.175950 0.363889 0.027474 0.158333