0 0.326172 0.336111 0.157031 0.119444
0 0.303125 0.083333 0.156250 0.091667
0 0.646875 0.131944 0.156250 0.091667
0 0.660156 0.588889 0.156250 0.091667
0 0.220312 0.718056 0.265625 0.119444
0 0.867188 0.240278 0.156250 0.091667
0 0.654687 0.263889 0.156250 0.091667
0 0.588281 0.866667 0.265625 0.119444
0 0.342969 0.872222 0.156250 0.091667
0 0.343750 0.537500 0.156250 0.091667
0 0.892188 0.463889 0.156250 0.091667
0 0.572656 0.470833 0.265625 0.119444
0 0.728906 0.751389 0.156250 0.091667
0 0.800781 0.370833 0.156250 0.091667
0 0.102344 0.586111 0.156250 0.091667