0 0.490234 0.280556 0.255469 0.313889
0 0.520703 0.873611 0.157031 0.091667
0 0.216406 0.348611 0.156250 0.091667
0 0.318359 0.869444 0.157031 0.119444
0 0.714844 0.240278 0.156250 0.091667
0 0.685156 0.805556 0.156250 0.091667
0 0.478125 0.656944 0.164062 0.119444
0 0.238281 0.645833 0.156250 0.091667
0 0.236719 0.229167 0.156250 0.091667
0 0.826562 0.359722 0.164062 0.119444
0 0.652344 0.533333 0.156250 0.091667
0 0.839063 0.108333 0.156250 0.091667
0 0.107813 0.794444 0.156250 0.091667
0 0.875000 0.837500 0.164062 0.119444
0 0.092969 0.098611 0.156250 0.091667
0 0.839844 0.531944 0.156250 0.091667
0 0.433594 0.518056 0.156250 0.091667
0 0.642188 0.677778 0.156250 0.091667
1 0.398242 0.763194 0.079338 0.109722
1 0.652344 0.508333 0.217786 0.194444
1 0.572461 0.614583 0.398490 0.406944