0 0.783203 0.295833 0.233594 0.286111
0 0.121094 0.868056 0.156250 0.091667
0 0.270313 0.268056 0.156250 0.091667
0 0.165625 0.418056 0.156250 0.091667
0 0.671094 0.851389 0.156250 0.091667
0 0.781250 0.577778 0.156250 0.119444
0 0.264062 0.080556 0.156250 0.091667
0 0.542969 0.395833 0.156250 0.091667
0 0.312500 0.600000 0.156250 0.091667
0 0.589844 0.555556 0.156250 0.091667
0 0.462500 0.861111 0.156250 0.119444
0 0.870313 0.930556 0.156250 0.091667
0 0.429688 0.084722 0.156250 0.091667
0 0.123438 0.616667 0.156250 0.119444
0 0.290625 0.788889 0.156250 0.091667
0 0.092969 0.170833 0.156250 0.119444
0 0.471875 0.743056 0.156250 0.091667
0 0.673438 0.062500 0.156250 0.091667
1 0.621875 0.719444 0.193750 0.180556
1 0.116396 0.393750 0.048067 0.343056