0 0.769141 0.554167 0.257031 0.286111
0 0.524219 0.511111 0.156250 0.091667
0 0.667969 0.852778 0.156250 0.091667
0 0.199219 0.613889 0.156250 0.091667
0 0.775000 0.097222 0.156250 0.119444
0 0.896094 0.905556 0.156250 0.091667
0 0.487500 0.372222 0.156250 0.091667
0 0.489063 0.934722 0.156250 0.091667
0 0.279687 0.379167 0.156250 0.091667
0 0.645312 0.330556 0.156250 0.119444
0 0.548438 0.101389 0.156250 0.091667
0 0.862500 0.250000 0.156250 0.091667
0 0.093750 0.158333 0.156250 0.119444
0 0.446875 0.206944 0.156250 0.091667
0 0.114844 0.730556 0.156250 0.091667
0 0.475781 0.641667 0.156250 0.119444
0 0.206250 0.919444 0.156250 0.119444
0 0.105469 0.434722 0.156250 0.091667
1 0.710156 0.213889 0.072675 0.130556
1 0.369531 0.244444 0.404687 0.140101
1 0.284766 0.400000 0.296996 0.380556
1 0.341016 0.780556 0.163008 0.175000