0 0.264844 0.800000 0.323437 0.258333
0 0.221875 0.168056 0.156250 0.091667
0 0.785937 0.434722 0.156250 0.091667
0 0.264062 0.311111 0.156250 0.091667
0 0.872656 0.700000 0.156250 0.091667
0 0.141406 0.491667 0.156250 0.119444
0 0.461719 0.387500 0.156250 0.091667
0 0.567187 0.861111 0.156250 0.091667
0 0.877344 0.125000 0.156250 0.091667
0 0.851562 0.856944 0.156250 0.119444
0 0.835938 0.280556 0.156250 0.091667
0 0.458594 0.269444 0.156250 0.091667
0 0.508594 0.104167 0.156250 0.091667
0 0.210547 0.619444 0.167969 0.091667
0 0.672656 0.312500 0.156250 0.119444
0 0.613672 0.548611 0.157031 0.119444
0 0.637500 0.698611 0.156250 0.091667
1 0.496484 0.674306 0.563281 0.301575
1 0.762109 0.584722 0.149031 0.441667
1 0.643164 0.430556 0.038520 0.133333