0 0.676172 0.263889 0.233594 0.286111
0 0.105469 0.761111 0.156250 0.091667
0 0.700781 0.547222 0.156250 0.091667
0 0.618750 0.741667 0.156250 0.091667
0 0.438281 0.250000 0.156250 0.091667
0 0.101562 0.881944 0.156250 0.119444
0 0.867188 0.888889 0.156250 0.091667
0 0.875781 0.215278 0.156250 0.091667
0 0.154688 0.584722 0.156250 0.091667
0 0.382031 0.937500 0.156250 0.091667
0 0.229687 0.305556 0.156250 0.119444
0 0.792969 0.068056 0.156250 0.091667
0 0.475781 0.436111 0.156250 0.091667
0 0.310156 0.811111 0.156250 0.119444
0 0.227344 0.165278 0.156250 0.091667
0 0.301563 0.436111 0.156250 0.119444
0 0.892969 0.312500 0.156250 0.091667
0 0.880469 0.455556 0.156250 0.091667
1 0.165625 0.593750 0.110949 0.473611
1 0.315177 0.623611 0.033866 0.272222