0 0.680078 0.672222 0.257031 0.286111
0 0.342187 0.134722 0.156250 0.091667
0 0.514844 0.475000 0.156250 0.091667
0 0.333594 0.361111 0.156250 0.091667
0 0.864844 0.406944 0.156250 0.119444
0 0.098437 0.847222 0.156250 0.091667
0 0.889844 0.237500 0.156250 0.091667
0 0.096094 0.059722 0.156250 0.091667
0 0.449219 0.705556 0.156250 0.091667
0 0.567187 0.234722 0.156250 0.119444
0 0.771094 0.897222 0.156250 0.091667
0 0.277344 0.561111 0.156250 0.091667
0 0.124219 0.669444 0.156250 0.119444
0 0.575781 0.363889 0.156250 0.091667
0 0.462500 0.872222 0.156250 0.091667
0 0.592187 0.111111 0.156250 0.119444
0 0.139063 0.334722 0.156250 0.119444
0 0.907031 0.552778 0.156250 0.091667
1 0.716016 0.320833 0.150781 0.098484
1 0.345703 0.452083 0.330633 0.331944
1 0.358203 0.390278 0.377231 0.455556
1 0.365625 0.222917 0.306250 0.163170