0 0.392578 0.545833 0.257031 0.286111
0 0.549219 0.247222 0.156250 0.091667
0 0.772656 0.579167 0.156250 0.091667
0 0.554688 0.897222 0.156250 0.091667
0 0.726562 0.891667 0.156250 0.119444
0 0.285938 0.316667 0.156250 0.091667
0 0.228125 0.076389 0.156250 0.091667
0 0.340625 0.783333 0.156250 0.091667
0 0.892188 0.277778 0.156250 0.091667
0 0.564063 0.126389 0.156250 0.119444
0 0.682813 0.709722 0.156250 0.091667
0 0.303125 0.206944 0.156250 0.091667
0 0.092969 0.868056 0.156250 0.119444
0 0.292969 0.923611 0.156250 0.091667
0 0.758594 0.118056 0.156250 0.091667
0 0.632812 0.366667 0.156250 0.119444
0 0.093750 0.575000 0.156250 0.119444
0 0.818750 0.430556 0.156250 0.091667
1 0.645312 0.509028 0.146512 0.662500
1 0.328516 0.497222 0.404600 0.638889
1 0.362891 0.617361 0.420613 0.398611
1 0.363281 0.470833 0.392188 0.164614