0 0.561328 0.380556 0.257031 0.286111
0 0.134375 0.723611 0.156250 0.091667
0 0.682813 0.687500 0.156250 0.091667
0 0.302344 0.212500 0.156250 0.091667
0 0.482812 0.850000 0.156250 0.119444
0 0.672656 0.136111 0.156250 0.091667
0 0.310156 0.451389 0.156250 0.091667
0 0.860156 0.316667 0.156250 0.091667
0 0.236719 0.611111 0.156250 0.091667
0 0.878125 0.804167 0.156250 0.119444
0 0.714844 0.902778 0.156250 0.091667
0 0.876563 0.695833 0.156250 0.091667
0 0.873437 0.508333 0.156250 0.119444
0 0.407031 0.098611 0.156250 0.091667
0 0.342187 0.356944 0.156250 0.091667
0 0.315625 0.905556 0.156250 0.119444
0 0.121094 0.120833 0.156250 0.119444
0 0.464062 0.583333 0.156250 0.091667
1 0.680469 0.847873 0.248438 0.085963
1 0.882524 0.656250 0.025655 0.193056
1 0.594531 0.706944 0.410938 0.302622
1 0.218359 0.513194 0.174296 0.681944