0 0.517578 0.295833 0.233594 0.286111
0 0.499219 0.766667 0.156250 0.091667
0 0.106250 0.451389 0.156250 0.091667
0 0.747656 0.647222 0.156250 0.091667
0 0.688281 0.816667 0.156250 0.091667
0 0.139844 0.769444 0.156250 0.119444
0 0.817969 0.479167 0.156250 0.091667
0 0.885938 0.788889 0.156250 0.091667
0 0.769531 0.220833 0.156250 0.091667
0 0.585938 0.551389 0.156250 0.091667
0 0.156250 0.190278 0.156250 0.119444
0 0.755469 0.334722 0.156250 0.091667
0 0.627344 0.075000 0.156250 0.091667
0 0.292969 0.611111 0.156250 0.119444
0 0.913281 0.672222 0.156250 0.091667
0 0.267969 0.391667 0.156250 0.119444
0 0.474219 0.872222 0.156250 0.091667
0 0.117188 0.548611 0.156250 0.091667
1 0.160396 0.479861 0.047097 0.476389
1 0.281839 0.501389 0.023509 0.116667