0 0.435156 0.286111 0.259375 0.258333
0 0.510938 0.738889 0.156250 0.091667
0 0.218750 0.940278 0.156250 0.091667
0 0.304688 0.693056 0.156250 0.091667
0 0.757812 0.237500 0.156250 0.119444
0 0.220312 0.554167 0.156250 0.091667
0 0.157812 0.319444 0.156250 0.091667
0 0.740625 0.097222 0.156250 0.119444
0 0.721875 0.927778 0.156250 0.091667
0 0.786719 0.533333 0.156250 0.091667
0 0.161719 0.822222 0.156250 0.119444
0 0.173437 0.459722 0.156250 0.091667
0 0.663281 0.388889 0.156250 0.091667
0 0.597656 0.601389 0.156250 0.091667
1 0.748978 0.167361 0.012409 0.037500
1 0.459766 0.529861 0.483701 0.481944