0 0.246484 0.175000 0.255469 0.313889
0 0.346484 0.686111 0.157031 0.091667
0 0.706250 0.786111 0.156250 0.091667
0 0.617578 0.462500 0.157031 0.119444
0 0.185938 0.684722 0.156250 0.091667
0 0.154688 0.455556 0.156250 0.091667
0 0.721094 0.583333 0.164062 0.119444
0 0.712500 0.090278 0.156250 0.091667
0 0.392969 0.476389 0.156250 0.091667
0 0.461719 0.105556 0.164062 0.119444
0 0.622656 0.211111 0.156250 0.091667
0 0.868750 0.436111 0.156250 0.091667
0 0.789062 0.337500 0.156250 0.091667
0 0.176563 0.800000 0.164062 0.119444
0 0.892188 0.848611 0.156250 0.091667
0 0.475781 0.847222 0.156250 0.091667
0 0.910156 0.576389 0.156250 0.091667
0 0.292187 0.591667 0.156250 0.091667
1 0.669336 0.522917 0.010565 0.018056
1 0.591406 0.344444 0.203906 0.375000
1 0.539648 0.284028 0.113079 0.254167