0 0.494922 0.400000 0.157031 0.119444
0 0.534375 0.116667 0.156250 0.091667
0 0.826562 0.436111 0.156250 0.091667
0 0.881250 0.255556 0.156250 0.091667
0 0.432812 0.248611 0.265625 0.119444
0 0.713281 0.254167 0.156250 0.091667
0 0.677344 0.759722 0.156250 0.091667
0 0.147656 0.550000 0.265625 0.119444
0 0.502344 0.540278 0.156250 0.091667
0 0.108594 0.791667 0.156250 0.091667
0 0.339844 0.848611 0.156250 0.091667
0 0.432031 0.679167 0.265625 0.119444
0 0.888281 0.673611 0.156250 0.091667
0 0.142187 0.938889 0.156250 0.091667
0 0.171875 0.288889 0.156250 0.091667