0 0.686719 0.494444 0.259375 0.258333
0 0.447656 0.868056 0.156250 0.091667
0 0.713281 0.920833 0.156250 0.091667
0 0.226562 0.276389 0.156250 0.091667
0 0.321875 0.681944 0.156250 0.119444
0 0.292969 0.370833 0.156250 0.091667
0 0.628125 0.745833 0.156250 0.091667
0 0.861719 0.126389 0.156250 0.119444
0 0.117969 0.509722 0.156250 0.091667
0 0.271875 0.093056 0.156250 0.091667
0 0.838281 0.302778 0.156250 0.119444
0 0.591406 0.306944 0.156250 0.091667
0 0.098437 0.658333 0.156250 0.091667
0 0.800781 0.713889 0.156250 0.091667
1 0.591797 0.404167 0.433152 0.452778
1 0.580078 0.492361 0.369531 0.281108