0 0.336719 0.129167 0.267188 0.230556
0 0.561328 0.601389 0.157031 0.091667
0 0.348438 0.504167 0.156250 0.091667
0 0.788281 0.838889 0.164062 0.119444
0 0.157812 0.868056 0.156250 0.091667
0 0.161719 0.750000 0.156250 0.091667
0 0.710156 0.070833 0.156250 0.091667
0 0.115625 0.556944 0.164062 0.119444
0 0.364063 0.659722 0.156250 0.091667
0 0.890625 0.311111 0.156250 0.091667
0 0.443750 0.887500 0.156250 0.091667
0 0.674219 0.345833 0.156250 0.091667
0 0.091406 0.180556 0.164062 0.119444
0 0.360938 0.331944 0.156250 0.091667
0 0.676562 0.458333 0.156250 0.091667
0 0.794531 0.208333 0.156250 0.091667
1 0.451953 0.697917 0.517969 0.229844
1 0.110222 0.368750 0.039321 0.273611