0 0.746094 0.554167 0.264062 0.230556
0 0.363281 0.565278 0.156250 0.091667
0 0.455469 0.865278 0.156250 0.091667
0 0.167578 0.216667 0.183594 0.119444
0 0.225000 0.866667 0.156250 0.091667
0 0.646094 0.280556 0.156250 0.091667
0 0.101562 0.347222 0.156250 0.091667
0 0.403906 0.090278 0.164062 0.119444
0 0.485156 0.247222 0.156250 0.091667
0 0.636719 0.747222 0.156250 0.091667
0 0.258594 0.659722 0.156250 0.091667
0 0.669531 0.134722 0.156250 0.091667
0 0.830469 0.830556 0.164062 0.119444
0 0.151562 0.079167 0.156250 0.091667
1 0.290625 0.150861 0.071875 0.050092
1 0.617188 0.460417 0.367111 0.637500