0 0.728516 0.570833 0.257031 0.286111
0 0.540625 0.238889 0.156250 0.091667
0 0.460156 0.073611 0.156250 0.091667
0 0.292187 0.109722 0.156250 0.091667
0 0.349219 0.288889 0.156250 0.119444
0 0.617188 0.126389 0.156250 0.091667
0 0.406250 0.577778 0.156250 0.091667
0 0.860156 0.765278 0.156250 0.091667
0 0.089063 0.391667 0.156250 0.091667
0 0.168750 0.765278 0.156250 0.119444
0 0.507812 0.930556 0.156250 0.091667
0 0.669531 0.338889 0.156250 0.091667
0 0.241406 0.559722 0.156250 0.119444
0 0.370312 0.833333 0.156250 0.091667
0 0.341406 0.704167 0.156250 0.091667
0 0.323437 0.427778 0.156250 0.119444
0 0.161719 0.241667 0.156250 0.119444
0 0.866406 0.859722 0.156250 0.091667
1 0.258984 0.527083 0.144595 0.373611
1 0.205078 0.662500 0.039812 0.102778
1 0.282422 0.493750 0.017146 0.029167
1 0.242578 0.334722 0.067304 0.083333