0 0.576953 0.618056 0.157031 0.119444
0 0.736719 0.736111 0.156250 0.091667
0 0.472656 0.236111 0.156250 0.091667
0 0.721875 0.094444 0.156250 0.091667
0 0.243750 0.216667 0.265625 0.119444
0 0.196094 0.068056 0.156250 0.091667
0 0.854688 0.205556 0.156250 0.091667
0 0.748437 0.437500 0.265625 0.119444
0 0.350781 0.572222 0.156250 0.091667
0 0.577344 0.876389 0.156250 0.091667
0 0.314063 0.926389 0.156250 0.091667
0 0.429688 0.418056 0.265625 0.119444
0 0.886719 0.088889 0.156250 0.091667
0 0.149219 0.629167 0.156250 0.091667
0 0.428125 0.763889 0.156250 0.091667