0 0.666016 0.465278 0.257031 0.286111
0 0.160938 0.922222 0.156250 0.091667
0 0.721094 0.661111 0.156250 0.091667
0 0.226562 0.355556 0.156250 0.091667
0 0.529687 0.118056 0.156250 0.119444
0 0.449219 0.930556 0.156250 0.091667
0 0.516406 0.766667 0.156250 0.091667
0 0.357031 0.197222 0.156250 0.091667
0 0.700000 0.936111 0.156250 0.091667
0 0.130469 0.493056 0.156250 0.119444
0 0.711719 0.193056 0.156250 0.091667
0 0.314844 0.537500 0.156250 0.091667
0 0.105469 0.675000 0.156250 0.119444
0 0.372656 0.651389 0.156250 0.091667
0 0.157812 0.808333 0.156250 0.091667
0 0.152344 0.105556 0.156250 0.119444
0 0.910156 0.079167 0.156250 0.119444
0 0.323437 0.094444 0.156250 0.091667
1 0.330078 0.305556 0.281435 0.272222
1 0.117479 0.584028 0.018942 0.079167
1 0.135106 0.390278 0.058817 0.466667
1 0.531250 0.114897 0.610938 0.082686