0 0.619141 0.597222 0.257031 0.286111
0 0.307812 0.161111 0.156250 0.091667
0 0.301563 0.383333 0.156250 0.091667
0 0.336719 0.844444 0.156250 0.091667
0 0.510156 0.230556 0.156250 0.119444
0 0.749219 0.886111 0.156250 0.091667
0 0.339062 0.554167 0.156250 0.091667
0 0.832812 0.101389 0.156250 0.091667
0 0.525000 0.884722 0.156250 0.091667
0 0.092188 0.487500 0.156250 0.119444
0 0.888281 0.511111 0.156250 0.091667
0 0.817969 0.401389 0.156250 0.091667
0 0.210938 0.668056 0.156250 0.119444
0 0.842969 0.683333 0.156250 0.091667
0 0.830469 0.291667 0.156250 0.091667
0 0.108594 0.309722 0.156250 0.119444
0 0.092969 0.845833 0.156250 0.119444
0 0.518750 0.123611 0.156250 0.091667
1 0.301172 0.359028 0.271094 0.177557
1 0.151562 0.577778 0.049567 0.077778
1 0.159766 0.488889 0.077604 0.255556
1 0.088213 0.577778 0.046655 0.433333