0 0.737500 0.830556 0.323437 0.258333
0 0.690625 0.455556 0.156250 0.091667
0 0.164844 0.631944 0.156250 0.091667
0 0.137500 0.515278 0.156250 0.091667
0 0.141406 0.222222 0.156250 0.091667
0 0.300781 0.451389 0.156250 0.119444
0 0.832812 0.586111 0.156250 0.091667
0 0.767969 0.348611 0.156250 0.091667
0 0.402344 0.316667 0.156250 0.091667
0 0.367188 0.791667 0.156250 0.119444
0 0.426563 0.558333 0.156250 0.091667
0 0.617969 0.104167 0.156250 0.091667
0 0.839844 0.094444 0.156250 0.091667
0 0.130078 0.070833 0.167969 0.091667
0 0.362500 0.100000 0.156250 0.119444
0 0.611328 0.580556 0.157031 0.119444
0 0.807031 0.215278 0.156250 0.091667
1 0.333984 0.621528 0.052471 0.237500
1 0.379498 0.445833 0.042562 0.588889
1 0.486914 0.340278 0.196356 0.377778