0 0.596484 0.163889 0.233594 0.286111
0 0.252344 0.638889 0.156250 0.091667
0 0.261719 0.463889 0.156250 0.091667
0 0.178906 0.272222 0.156250 0.091667
0 0.379688 0.208333 0.156250 0.091667
0 0.510156 0.859722 0.156250 0.119444
0 0.135937 0.179167 0.156250 0.091667
0 0.092969 0.645833 0.156250 0.091667
0 0.706250 0.402778 0.156250 0.091667
0 0.467969 0.519444 0.156250 0.091667
0 0.834375 0.834722 0.156250 0.119444
0 0.175781 0.825000 0.156250 0.091667
0 0.178906 0.070833 0.156250 0.091667
0 0.657813 0.516667 0.156250 0.119444
0 0.742188 0.697222 0.156250 0.091667
0 0.410156 0.718056 0.156250 0.119444
0 0.860156 0.198611 0.156250 0.091667
0 0.317188 0.930556 0.156250 0.091667
1 0.672266 0.866380 0.177344 0.067934
1 0.533984 0.617361 0.110145 0.098611