0 0.138672 0.266667 0.233594 0.286111
0 0.710156 0.938889 0.156250 0.091667
0 0.400000 0.837500 0.156250 0.091667
0 0.878125 0.601389 0.156250 0.091667
0 0.602344 0.595833 0.156250 0.091667
0 0.109375 0.823611 0.156250 0.119444
0 0.427344 0.663889 0.156250 0.091667
0 0.225781 0.459722 0.156250 0.091667
0 0.593750 0.426389 0.156250 0.091667
0 0.148438 0.643056 0.156250 0.091667
0 0.561719 0.180556 0.156250 0.119444
0 0.873437 0.131944 0.156250 0.091667
0 0.707812 0.795833 0.156250 0.091667
0 0.822656 0.479167 0.156250 0.119444
0 0.506250 0.291667 0.156250 0.091667
0 0.342187 0.230556 0.156250 0.119444
0 0.738281 0.322222 0.156250 0.091667
0 0.407031 0.072222 0.156250 0.091667
1 0.335547 0.502083 0.377698 0.540278
1 0.582422 0.354861 0.333594 0.184429