0 0.292578 0.393056 0.255469 0.313889
0 0.692578 0.434722 0.157031 0.091667
0 0.226562 0.851389 0.156250 0.091667
0 0.671484 0.601389 0.157031 0.119444
0 0.800781 0.172222 0.156250 0.091667
0 0.800000 0.790278 0.156250 0.091667
0 0.378125 0.718056 0.164062 0.119444
0 0.641406 0.080556 0.156250 0.091667
0 0.903906 0.070833 0.156250 0.091667
0 0.523438 0.369444 0.164062 0.119444
0 0.207813 0.069444 0.156250 0.091667
0 0.437500 0.145833 0.156250 0.091667
0 0.489844 0.854167 0.156250 0.091667
0 0.887500 0.350000 0.164062 0.119444
0 0.571094 0.244444 0.156250 0.091667
0 0.110937 0.661111 0.156250 0.091667
0 0.834375 0.555556 0.156250 0.091667
0 0.432812 0.605556 0.156250 0.091667
1 0.526563 0.654519 0.142187 0.078493
1 0.450781 0.543750 0.104899 0.245833
1 0.597461 0.485417 0.081182 0.129167