0 0.544531 0.611111 0.267188 0.230556
0 0.576953 0.126389 0.157031 0.091667
0 0.854688 0.170833 0.156250 0.091667
0 0.110156 0.205556 0.164062 0.119444
0 0.200781 0.595833 0.156250 0.091667
0 0.842969 0.712500 0.156250 0.091667
0 0.689063 0.279167 0.156250 0.091667
0 0.542969 0.919444 0.164062 0.119444
0 0.837500 0.836111 0.156250 0.091667
0 0.332813 0.363889 0.156250 0.091667
0 0.546875 0.448611 0.156250 0.091667
0 0.106250 0.347222 0.156250 0.091667
0 0.163281 0.812500 0.164062 0.119444
0 0.367969 0.133333 0.156250 0.091667
0 0.096094 0.440278 0.156250 0.091667
0 0.810156 0.565278 0.156250 0.091667
1 0.326562 0.562500 0.369771 0.611111
1 0.353125 0.853720 0.225000 0.101905