0 0.382812 0.833333 0.323437 0.258333
0 0.093750 0.351389 0.156250 0.091667
0 0.635156 0.327778 0.156250 0.091667
0 0.864062 0.344444 0.156250 0.091667
0 0.332813 0.126389 0.156250 0.091667
0 0.566406 0.636111 0.156250 0.119444
0 0.342187 0.533333 0.156250 0.091667
0 0.676562 0.433333 0.156250 0.091667
0 0.087500 0.693056 0.156250 0.091667
0 0.833594 0.156944 0.156250 0.119444
0 0.143750 0.468056 0.156250 0.091667
0 0.848437 0.534722 0.156250 0.091667
0 0.662500 0.119444 0.156250 0.091667
0 0.702734 0.769444 0.167969 0.091667
0 0.428125 0.345833 0.156250 0.119444
0 0.175391 0.150000 0.157031 0.119444
0 0.882812 0.665278 0.156250 0.091667
1 0.700000 0.396528 0.209959 0.376389
1 0.630859 0.251389 0.258594 0.132766
1 0.301758 0.247917 0.107959 0.093056