0 0.180078 0.688889 0.233594 0.286111
0 0.454688 0.552778 0.156250 0.091667
0 0.536719 0.298611 0.156250 0.091667
0 0.799219 0.641667 0.156250 0.091667
0 0.543750 0.151389 0.156250 0.091667
0 0.881250 0.497222 0.156250 0.119444
0 0.088281 0.266667 0.156250 0.091667
0 0.256250 0.351389 0.156250 0.091667
0 0.659375 0.738889 0.156250 0.091667
0 0.397656 0.751389 0.156250 0.091667
0 0.363281 0.913889 0.156250 0.119444
0 0.751563 0.195833 0.156250 0.091667
0 0.814844 0.344444 0.156250 0.091667
0 0.101562 0.079167 0.156250 0.119444
0 0.906250 0.100000 0.156250 0.091667
0 0.363281 0.108333 0.156250 0.119444
0 0.888281 0.805556 0.156250 0.091667
0 0.204687 0.940278 0.156250 0.091667
1 0.622266 0.705556 0.378859 0.313889
1 0.232422 0.104874 0.114844 0.050669