0 0.553125 0.811111 0.259375 0.258333
0 0.837500 0.127778 0.156250 0.091667
0 0.182812 0.358333 0.156250 0.091667
0 0.480469 0.623611 0.156250 0.091667
0 0.595313 0.268056 0.156250 0.119444
0 0.906250 0.405556 0.156250 0.091667
0 0.165625 0.634722 0.156250 0.091667
0 0.822656 0.708333 0.156250 0.119444
0 0.189062 0.819444 0.156250 0.091667
0 0.622656 0.426389 0.156250 0.091667
0 0.366406 0.341667 0.156250 0.119444
0 0.875781 0.544444 0.156250 0.091667
0 0.886719 0.926389 0.156250 0.091667
0 0.871875 0.252778 0.156250 0.091667
1 0.708984 0.488194 0.175042 0.337500
1 0.480859 0.301015 0.082031 0.047724