0 0.508594 0.538889 0.259375 0.258333
0 0.407031 0.084722 0.156250 0.091667
0 0.844531 0.919444 0.156250 0.091667
0 0.259375 0.643056 0.156250 0.091667
0 0.621875 0.738889 0.156250 0.119444
0 0.823438 0.576389 0.156250 0.091667
0 0.123438 0.412500 0.156250 0.091667
0 0.094531 0.729167 0.156250 0.119444
0 0.561719 0.276389 0.156250 0.091667
0 0.770312 0.427778 0.156250 0.091667
0 0.780469 0.205556 0.156250 0.119444
0 0.671094 0.934722 0.156250 0.091667
0 0.456250 0.923611 0.156250 0.091667
0 0.192969 0.888889 0.156250 0.091667
1 0.358203 0.760094 0.380469 0.075640
1 0.701172 0.472222 0.132450 0.430556