0 0.180859 0.558333 0.233594 0.286111
0 0.176563 0.190278 0.156250 0.091667
0 0.513281 0.793056 0.156250 0.091667
0 0.458594 0.187500 0.156250 0.091667
0 0.822656 0.800000 0.156250 0.091667
0 0.513281 0.477778 0.156250 0.119444
0 0.288281 0.833333 0.156250 0.091667
0 0.686719 0.198611 0.156250 0.091667
0 0.297656 0.937500 0.156250 0.091667
0 0.263281 0.334722 0.156250 0.091667
0 0.446875 0.319444 0.156250 0.119444
0 0.788281 0.930556 0.156250 0.091667
0 0.909375 0.626389 0.156250 0.091667
0 0.487500 0.915278 0.156250 0.119444
0 0.722656 0.416667 0.156250 0.091667
0 0.382031 0.654167 0.156250 0.119444
0 0.862500 0.191667 0.156250 0.091667
0 0.625781 0.309722 0.156250 0.091667
1 0.480078 0.398611 0.025685 0.055556
1 0.434766 0.784722 0.066597 0.158333