0 0.635938 0.356944 0.323437 0.258333
0 0.679688 0.711111 0.156250 0.091667
0 0.493750 0.819444 0.156250 0.091667
0 0.095312 0.829167 0.156250 0.091667
0 0.461719 0.615278 0.156250 0.091667
0 0.161719 0.675000 0.156250 0.119444
0 0.744531 0.162500 0.156250 0.091667
0 0.815625 0.611111 0.156250 0.091667
0 0.346094 0.518056 0.156250 0.091667
0 0.109375 0.404167 0.156250 0.119444
0 0.360938 0.940278 0.156250 0.091667
0 0.671094 0.894444 0.156250 0.091667
0 0.631250 0.556944 0.156250 0.091667
0 0.880859 0.065278 0.167969 0.091667
0 0.211719 0.088889 0.156250 0.119444
0 0.837109 0.765278 0.157031 0.119444
0 0.267188 0.229167 0.156250 0.091667
1 0.135547 0.539583 0.038634 0.168056
1 0.160547 0.246528 0.072945 0.212500
1 0.524414 0.427083 0.524327 0.573611