0 0.448437 0.852778 0.267188 0.230556
0 0.112109 0.150000 0.157031 0.091667
0 0.321094 0.415278 0.156250 0.091667
0 0.760938 0.497222 0.164062 0.119444
0 0.835156 0.090278 0.156250 0.091667
0 0.908594 0.766667 0.156250 0.091667
0 0.710156 0.220833 0.156250 0.091667
0 0.178125 0.723611 0.164062 0.119444
0 0.691406 0.355556 0.156250 0.091667
0 0.225000 0.569444 0.156250 0.091667
0 0.118750 0.263889 0.156250 0.091667
0 0.371875 0.184722 0.156250 0.091667
0 0.707812 0.870833 0.164062 0.119444
0 0.557813 0.587500 0.156250 0.091667
0 0.545312 0.163889 0.156250 0.091667
0 0.164062 0.469444 0.156250 0.091667
1 0.469531 0.610417 0.428125 0.179327
1 0.442969 0.799261 0.375000 0.122367