0 0.587500 0.400000 0.267188 0.230556
0 0.801953 0.273611 0.157031 0.091667
0 0.453906 0.129167 0.156250 0.091667
0 0.312500 0.288889 0.164062 0.119444
0 0.575781 0.652778 0.156250 0.091667
0 0.482031 0.766667 0.156250 0.091667
0 0.128906 0.312500 0.156250 0.091667
0 0.460938 0.919444 0.164062 0.119444
0 0.207813 0.809722 0.156250 0.091667
0 0.117188 0.663889 0.156250 0.091667
0 0.854688 0.811111 0.156250 0.091667
0 0.362500 0.609722 0.156250 0.091667
0 0.800781 0.702778 0.164062 0.119444
0 0.189844 0.437500 0.156250 0.091667
0 0.843750 0.066667 0.156250 0.091667
0 0.159375 0.109722 0.156250 0.091667
1 0.386719 0.604167 0.129694 0.527778
1 0.630859 0.811111 0.185156 0.128736