0 0.199609 0.166667 0.157031 0.119444
0 0.230469 0.869444 0.156250 0.091667
0 0.239063 0.523611 0.156250 0.091667
0 0.742969 0.759722 0.156250 0.091667
0 0.527344 0.643056 0.265625 0.119444
0 0.847656 0.208333 0.156250 0.091667
0 0.560156 0.268056 0.156250 0.091667
0 0.623437 0.444444 0.265625 0.119444
0 0.749219 0.625000 0.156250 0.091667
0 0.371875 0.379167 0.156250 0.091667
0 0.603125 0.138889 0.156250 0.091667
0 0.206250 0.695833 0.265625 0.119444
0 0.316406 0.279167 0.156250 0.091667
0 0.646094 0.919444 0.156250 0.091667
0 0.097656 0.363889 0.156250 0.091667