0 0.712500 0.670833 0.323437 0.258333
0 0.711719 0.454167 0.156250 0.091667
0 0.759375 0.079167 0.156250 0.091667
0 0.195312 0.413889 0.156250 0.091667
0 0.287500 0.080556 0.156250 0.091667
0 0.643750 0.305556 0.156250 0.119444
0 0.414062 0.705556 0.156250 0.091667
0 0.878125 0.265278 0.156250 0.091667
0 0.561719 0.890278 0.156250 0.091667
0 0.121094 0.634722 0.156250 0.119444
0 0.370312 0.530556 0.156250 0.091667
0 0.358594 0.351389 0.156250 0.091667
0 0.870313 0.902778 0.156250 0.091667
0 0.362109 0.255556 0.167969 0.091667
0 0.149219 0.841667 0.156250 0.119444
0 0.103516 0.305556 0.157031 0.119444
0 0.602344 0.070833 0.156250 0.091667
1 0.382422 0.470139 0.375781 0.247428
1 0.134438 0.738194 0.022704 0.104167
1 0.132936 0.573611 0.058032 0.433333