0 0.378125 0.361111 0.264062 0.230556
0 0.864062 0.109722 0.156250 0.091667
0 0.157031 0.076389 0.156250 0.091667
0 0.222266 0.620833 0.183594 0.119444
0 0.450000 0.108333 0.156250 0.091667
0 0.662500 0.819444 0.156250 0.091667
0 0.678906 0.154167 0.156250 0.091667
0 0.414844 0.684722 0.164062 0.119444
0 0.645312 0.687500 0.156250 0.091667
0 0.318750 0.852778 0.156250 0.091667
0 0.827344 0.931944 0.156250 0.091667
0 0.621094 0.309722 0.156250 0.091667
0 0.848437 0.529167 0.164062 0.119444
0 0.837500 0.780556 0.156250 0.091667
1 0.323437 0.655343 0.028125 0.024777
1 0.631641 0.609999 0.278906 0.119473