0 0.421484 0.654167 0.233594 0.286111
0 0.779687 0.281944 0.156250 0.091667
0 0.387500 0.218056 0.156250 0.091667
0 0.621094 0.379167 0.156250 0.091667
0 0.217969 0.284722 0.156250 0.091667
0 0.866406 0.586111 0.156250 0.119444
0 0.180469 0.486111 0.156250 0.091667
0 0.115625 0.679167 0.156250 0.091667
0 0.150781 0.929167 0.156250 0.091667
0 0.705469 0.072222 0.156250 0.091667
0 0.457031 0.911111 0.156250 0.119444
0 0.656250 0.747222 0.156250 0.091667
0 0.906250 0.130556 0.156250 0.091667
0 0.419531 0.348611 0.156250 0.119444
0 0.441406 0.061111 0.156250 0.091667
0 0.827344 0.897222 0.156250 0.119444
0 0.897656 0.695833 0.156250 0.091667
0 0.692969 0.565278 0.156250 0.091667
1 0.661719 0.748611 0.268296 0.222222
1 0.623437 0.622917 0.328398 0.445833