0 0.783984 0.483333 0.257031 0.286111
0 0.165625 0.763889 0.156250 0.091667
0 0.235156 0.159722 0.156250 0.091667
0 0.299219 0.577778 0.156250 0.091667
0 0.588281 0.802778 0.156250 0.119444
0 0.133594 0.908333 0.156250 0.091667
0 0.574219 0.527778 0.156250 0.091667
0 0.368750 0.433333 0.156250 0.091667
0 0.166406 0.254167 0.156250 0.091667
0 0.823438 0.915278 0.156250 0.119444
0 0.348438 0.066667 0.156250 0.091667
0 0.395313 0.166667 0.156250 0.091667
0 0.684375 0.091667 0.156250 0.119444
0 0.870313 0.216667 0.156250 0.091667
0 0.698438 0.270833 0.156250 0.091667
0 0.413281 0.798611 0.156250 0.119444
0 0.775781 0.723611 0.156250 0.119444
0 0.104688 0.670833 0.156250 0.091667
1 0.705859 0.860111 0.088281 0.056583
1 0.753906 0.503472 0.128270 0.720833
1 0.548828 0.445139 0.234665 0.604167
1 0.594531 0.777943 0.215625 0.093003