0 0.246484 0.273611 0.233594 0.286111
0 0.693750 0.216667 0.156250 0.091667
0 0.129688 0.594444 0.156250 0.091667
0 0.604688 0.851389 0.156250 0.091667
0 0.292187 0.063889 0.156250 0.091667
0 0.556250 0.459722 0.156250 0.119444
0 0.790625 0.422222 0.156250 0.091667
0 0.532813 0.634722 0.156250 0.091667
0 0.834375 0.779167 0.156250 0.091667
0 0.813281 0.666667 0.156250 0.091667
0 0.309375 0.647222 0.156250 0.119444
0 0.306250 0.931944 0.156250 0.091667
0 0.477344 0.351389 0.156250 0.091667
0 0.314844 0.798611 0.156250 0.119444
0 0.108594 0.791667 0.156250 0.091667
0 0.853125 0.295833 0.156250 0.119444
0 0.776563 0.547222 0.156250 0.091667
0 0.870313 0.136111 0.156250 0.091667
1 0.432812 0.553472 0.100000 0.085496
1 0.583984 0.547222 0.419777 0.400000