0 0.863672 0.215278 0.157031 0.119444
0 0.123438 0.323611 0.156250 0.091667
0 0.801562 0.334722 0.156250 0.091667
0 0.594531 0.583333 0.156250 0.091667
0 0.352344 0.900000 0.265625 0.119444
0 0.647656 0.159722 0.156250 0.091667
0 0.662500 0.716667 0.156250 0.091667
0 0.374219 0.620833 0.265625 0.119444
0 0.093750 0.179167 0.156250 0.091667
0 0.887500 0.086111 0.156250 0.091667
0 0.819531 0.505556 0.156250 0.091667
0 0.409375 0.115278 0.265625 0.119444
0 0.307812 0.340278 0.156250 0.091667
0 0.157812 0.501389 0.156250 0.091667
0 0.558594 0.259722 0.156250 0.091667