0 0.845703 0.483333 0.257031 0.286111
0 0.357812 0.144444 0.156250 0.091667
0 0.313281 0.631944 0.156250 0.091667
0 0.311719 0.458333 0.156250 0.091667
0 0.142969 0.170833 0.156250 0.119444
0 0.090625 0.927778 0.156250 0.091667
0 0.694531 0.784722 0.156250 0.091667
0 0.135156 0.448611 0.156250 0.091667
0 0.093750 0.286111 0.156250 0.091667
0 0.529687 0.744444 0.156250 0.119444
0 0.640625 0.280556 0.156250 0.091667
0 0.156250 0.588889 0.156250 0.091667
0 0.627344 0.623611 0.156250 0.119444
0 0.473438 0.938889 0.156250 0.091667
0 0.181250 0.783333 0.156250 0.091667
0 0.690625 0.152778 0.156250 0.119444
0 0.505469 0.416667 0.156250 0.119444
0 0.253906 0.293056 0.156250 0.091667
1 0.336328 0.457639 0.315566 0.470833
1 0.578516 0.684028 0.010497 0.018056
1 0.662002 0.388194 0.062637 0.368056
1 0.598047 0.284722 0.110724 0.161111