0 0.224609 0.401389 0.255469 0.313889
0 0.333984 0.708333 0.157031 0.091667
0 0.271094 0.934722 0.156250 0.091667
0 0.642578 0.290278 0.157031 0.119444
0 0.086719 0.170833 0.156250 0.091667
0 0.828125 0.898611 0.156250 0.091667
0 0.635156 0.438889 0.164062 0.119444
0 0.811719 0.651389 0.156250 0.091667
0 0.447656 0.865278 0.156250 0.091667
0 0.452344 0.325000 0.164062 0.119444
0 0.814063 0.379167 0.156250 0.091667
0 0.573438 0.697222 0.156250 0.091667
0 0.214844 0.815278 0.156250 0.091667
0 0.488281 0.097222 0.164062 0.119444
0 0.884375 0.551389 0.156250 0.091667
0 0.395313 0.608333 0.156250 0.091667
0 0.296875 0.086111 0.156250 0.091667
0 0.112500 0.909722 0.156250 0.091667
1 0.638001 0.364583 0.012564 0.045833
1 0.543750 0.381944 0.028125 0.028348
1 0.549219 0.309922 0.039062 0.027293