0 0.616797 0.561111 0.233594 0.286111
0 0.835938 0.873611 0.156250 0.091667
0 0.328906 0.461111 0.156250 0.091667
0 0.107031 0.250000 0.156250 0.091667
0 0.641406 0.783333 0.156250 0.091667
0 0.158594 0.636111 0.156250 0.119444
0 0.882031 0.443056 0.156250 0.091667
0 0.860938 0.780556 0.156250 0.091667
0 0.654687 0.915278 0.156250 0.091667
0 0.667188 0.352778 0.156250 0.091667
0 0.329688 0.233333 0.156250 0.119444
0 0.913281 0.144444 0.156250 0.091667
0 0.533594 0.070833 0.156250 0.091667
0 0.882812 0.255556 0.156250 0.119444
0 0.457031 0.838889 0.156250 0.091667
0 0.833594 0.618056 0.156250 0.119444
0 0.134375 0.359722 0.156250 0.091667
0 0.390625 0.934722 0.156250 0.091667
1 0.244141 0.434722 0.129731 0.300000
1 0.856199 0.436806 0.046383 0.259722