0 0.771484 0.333333 0.257031 0.286111
0 0.842187 0.690278 0.156250 0.091667
0 0.184375 0.816667 0.156250 0.091667
0 0.560156 0.856944 0.156250 0.091667
0 0.792188 0.073611 0.156250 0.119444
0 0.215625 0.231944 0.156250 0.091667
0 0.373437 0.704167 0.156250 0.091667
0 0.087500 0.543056 0.156250 0.091667
0 0.104688 0.094444 0.156250 0.091667
0 0.835938 0.880556 0.156250 0.119444
0 0.369531 0.359722 0.156250 0.091667
0 0.194531 0.429167 0.156250 0.091667
0 0.622656 0.697222 0.156250 0.119444
0 0.518750 0.151389 0.156250 0.091667
0 0.265625 0.559722 0.156250 0.091667
0 0.532813 0.344444 0.156250 0.119444
0 0.455469 0.569444 0.156250 0.119444
0 0.712500 0.534722 0.156250 0.091667
1 0.807828 0.477083 0.059118 0.704167
1 0.729297 0.788889 0.083700 0.080556
1 0.577734 0.520833 0.068799 0.250000
1 0.494141 0.456944 0.045660 0.122222