0 0.392188 0.277778 0.323437 0.258333
0 0.135937 0.159722 0.156250 0.091667
0 0.463281 0.854167 0.156250 0.091667
0 0.525000 0.731944 0.156250 0.091667
0 0.116406 0.420833 0.156250 0.091667
0 0.426563 0.573611 0.156250 0.119444
0 0.894531 0.583333 0.156250 0.091667
0 0.702344 0.880556 0.156250 0.091667
0 0.161719 0.913889 0.156250 0.091667
0 0.556250 0.077778 0.156250 0.119444
0 0.784375 0.398611 0.156250 0.091667
0 0.209375 0.616667 0.156250 0.091667
0 0.717187 0.097222 0.156250 0.091667
0 0.786328 0.215278 0.167969 0.091667
0 0.283594 0.745833 0.156250 0.119444
0 0.594922 0.606944 0.157031 0.119444
0 0.768750 0.695833 0.156250 0.091667
1 0.491406 0.325694 0.107821 0.393056
1 0.419922 0.411806 0.233282 0.565278
1 0.439063 0.679849 0.164062 0.092421