0 0.215234 0.175000 0.257031 0.286111
0 0.185156 0.793056 0.156250 0.091667
0 0.481250 0.423611 0.156250 0.091667
0 0.444531 0.150000 0.156250 0.091667
0 0.617969 0.237500 0.156250 0.119444
0 0.357031 0.536111 0.156250 0.091667
0 0.628125 0.547222 0.156250 0.091667
0 0.087500 0.545833 0.156250 0.091667
0 0.842969 0.059722 0.156250 0.091667
0 0.871875 0.366667 0.156250 0.119444
0 0.597656 0.668056 0.156250 0.091667
0 0.533594 0.818056 0.156250 0.091667
0 0.896094 0.500000 0.156250 0.119444
0 0.129688 0.370833 0.156250 0.091667
0 0.783594 0.862500 0.156250 0.091667
0 0.682813 0.423611 0.156250 0.119444
0 0.907031 0.173611 0.156250 0.119444
0 0.457031 0.927778 0.156250 0.091667
1 0.744922 0.302684 0.107031 0.067548
1 0.883984 0.433333 0.011898 0.030556
1 0.789453 0.459308 0.066406 0.042088
1 0.794922 0.298611 0.126467 0.147222