0 0.838281 0.284722 0.264062 0.230556
0 0.736719 0.627778 0.156250 0.091667
0 0.388281 0.541667 0.156250 0.091667
0 0.100391 0.283333 0.183594 0.119444
0 0.147656 0.390278 0.156250 0.091667
0 0.300781 0.711111 0.156250 0.091667
0 0.526563 0.786111 0.156250 0.091667
0 0.328125 0.209722 0.164062 0.119444
0 0.710938 0.086111 0.156250 0.091667
0 0.328125 0.390278 0.156250 0.091667
0 0.086719 0.784722 0.156250 0.091667
0 0.801562 0.919444 0.156250 0.091667
0 0.285156 0.881944 0.164062 0.119444
0 0.767188 0.790278 0.156250 0.091667
1 0.219141 0.247781 0.063281 0.039754
1 0.299949 0.545833 0.058092 0.569444