0 0.376563 0.444444 0.264062 0.230556
0 0.752344 0.226389 0.156250 0.091667
0 0.721875 0.415278 0.156250 0.091667
0 0.425391 0.863889 0.183594 0.119444
0 0.546875 0.737500 0.156250 0.091667
0 0.208594 0.186111 0.156250 0.091667
0 0.121094 0.073611 0.156250 0.091667
0 0.495312 0.159722 0.164062 0.119444
0 0.425781 0.266667 0.156250 0.091667
0 0.880469 0.423611 0.156250 0.091667
0 0.878906 0.679167 0.156250 0.091667
0 0.154688 0.568056 0.156250 0.091667
0 0.238281 0.687500 0.164062 0.119444
0 0.133594 0.913889 0.156250 0.091667
1 0.461223 0.511806 0.069180 0.601389
1 0.366797 0.423611 0.208236 0.425000