0 0.226953 0.754167 0.157031 0.119444
0 0.138281 0.325000 0.156250 0.091667
0 0.439844 0.884722 0.156250 0.091667
0 0.725000 0.191667 0.156250 0.091667
0 0.280469 0.604167 0.265625 0.119444
0 0.320312 0.401389 0.156250 0.091667
0 0.280469 0.218056 0.156250 0.091667
0 0.669531 0.787500 0.265625 0.119444
0 0.614062 0.286111 0.156250 0.091667
0 0.700000 0.401389 0.156250 0.091667
0 0.871875 0.372222 0.156250 0.091667
0 0.589063 0.559722 0.265625 0.119444
0 0.809375 0.655556 0.156250 0.091667
0 0.632812 0.063889 0.156250 0.091667
0 0.858594 0.073611 0.156250 0.091667