0 0.728125 0.295833 0.259375 0.258333
0 0.721875 0.698611 0.156250 0.091667
0 0.814844 0.550000 0.156250 0.091667
0 0.521875 0.588889 0.156250 0.091667
0 0.187500 0.877778 0.156250 0.119444
0 0.453906 0.469444 0.156250 0.091667
0 0.192969 0.119444 0.156250 0.091667
0 0.471094 0.288889 0.156250 0.119444
0 0.189844 0.405556 0.156250 0.091667
0 0.246875 0.566667 0.156250 0.091667
0 0.555469 0.726389 0.156250 0.119444
0 0.892969 0.927778 0.156250 0.091667
0 0.598437 0.095833 0.156250 0.091667
0 0.167187 0.691667 0.156250 0.091667
1 0.329297 0.583333 0.235447 0.486111
1 0.371484 0.807370 0.221094 0.114344