0 0.800781 0.609722 0.264062 0.230556
0 0.221875 0.756944 0.156250 0.091667
0 0.681250 0.136111 0.156250 0.091667
0 0.157422 0.134722 0.183594 0.119444
0 0.495312 0.137500 0.156250 0.091667
0 0.472656 0.501389 0.156250 0.091667
0 0.167969 0.612500 0.156250 0.091667
0 0.480469 0.781944 0.164062 0.119444
0 0.641406 0.897222 0.156250 0.091667
0 0.906250 0.120833 0.156250 0.091667
0 0.900000 0.322222 0.156250 0.091667
0 0.839844 0.818056 0.156250 0.091667
0 0.734375 0.341667 0.164062 0.119444
0 0.100000 0.463889 0.156250 0.091667
1 0.318945 0.458333 0.272804 0.544444
1 0.607422 0.561806 0.194398 0.337500