0 0.782813 0.543056 0.323437 0.258333
0 0.589063 0.094444 0.156250 0.091667
0 0.532031 0.704167 0.156250 0.091667
0 0.528125 0.500000 0.156250 0.091667
0 0.907031 0.302778 0.156250 0.091667
0 0.728125 0.286111 0.156250 0.119444
0 0.514062 0.900000 0.156250 0.091667
0 0.318750 0.783333 0.156250 0.091667
0 0.089063 0.612500 0.156250 0.091667
0 0.866406 0.852778 0.156250 0.119444
0 0.690625 0.756944 0.156250 0.091667
0 0.245312 0.384722 0.156250 0.091667
0 0.455469 0.308333 0.156250 0.091667
0 0.333984 0.186111 0.167969 0.091667
0 0.768750 0.081944 0.156250 0.119444
0 0.325391 0.533333 0.157031 0.119444
0 0.198437 0.091667 0.156250 0.091667
1 0.797266 0.569444 0.118509 0.463889
1 0.817578 0.467361 0.091899 0.668056
1 0.547070 0.307639 0.335415 0.348611