0 0.773828 0.326389 0.255469 0.313889
0 0.531641 0.433333 0.157031 0.091667
0 0.672656 0.866667 0.156250 0.091667
0 0.313672 0.719444 0.157031 0.119444
0 0.132812 0.511111 0.156250 0.091667
0 0.877344 0.900000 0.156250 0.091667
0 0.395313 0.562500 0.164062 0.119444
0 0.121875 0.225000 0.156250 0.091667
0 0.276562 0.333333 0.156250 0.091667
0 0.575781 0.597222 0.164062 0.119444
0 0.546094 0.315278 0.156250 0.091667
0 0.196875 0.936111 0.156250 0.091667
0 0.782813 0.588889 0.156250 0.091667
0 0.128906 0.720833 0.164062 0.119444
0 0.471875 0.220833 0.156250 0.091667
0 0.303906 0.063889 0.156250 0.091667
0 0.468750 0.062500 0.156250 0.091667
0 0.303906 0.837500 0.156250 0.091667
1 0.354492 0.640972 0.028882 0.054167
1 0.485547 0.581259 0.025781 0.022620
1 0.442969 0.657451 0.110937 0.067429