0 0.695312 0.447222 0.264062 0.230556
0 0.394531 0.402778 0.156250 0.091667
0 0.157031 0.125000 0.156250 0.091667
0 0.279297 0.754167 0.183594 0.119444
0 0.537500 0.701389 0.156250 0.091667
0 0.132812 0.470833 0.156250 0.091667
0 0.677344 0.161111 0.156250 0.091667
0 0.368750 0.119444 0.164062 0.119444
0 0.183594 0.305556 0.156250 0.091667
0 0.832812 0.906944 0.156250 0.091667
0 0.124219 0.927778 0.156250 0.091667
0 0.285156 0.623611 0.156250 0.091667
0 0.432812 0.270833 0.164062 0.119444
0 0.823438 0.613889 0.156250 0.091667
1 0.324023 0.436806 0.081994 0.531944
1 0.400781 0.195139 0.022893 0.048611