0 0.748047 0.465278 0.257031 0.286111
0 0.218750 0.437500 0.156250 0.091667
0 0.253125 0.763889 0.156250 0.091667
0 0.201563 0.304167 0.156250 0.091667
0 0.532031 0.268056 0.156250 0.119444
0 0.264844 0.133333 0.156250 0.091667
0 0.814844 0.829167 0.156250 0.091667
0 0.580469 0.888889 0.156250 0.091667
0 0.749219 0.145833 0.156250 0.091667
0 0.168750 0.579167 0.156250 0.119444
0 0.464844 0.509722 0.156250 0.091667
0 0.571094 0.679167 0.156250 0.091667
0 0.271094 0.870833 0.156250 0.119444
0 0.869531 0.716667 0.156250 0.091667
0 0.874219 0.265278 0.156250 0.091667
0 0.097656 0.145833 0.156250 0.119444
0 0.512500 0.100000 0.156250 0.119444
0 0.455469 0.793056 0.156250 0.091667
1 0.350391 0.423611 0.233182 0.208333
1 0.219922 0.725000 0.069807 0.188889
1 0.184375 0.508333 0.154239 0.622222
1 0.305078 0.143498 0.267969 0.086400