0 0.421484 0.306944 0.257031 0.286111
0 0.704688 0.552778 0.156250 0.091667
0 0.118750 0.163889 0.156250 0.091667
0 0.351562 0.829167 0.156250 0.091667
0 0.727344 0.115278 0.156250 0.119444
0 0.164844 0.276389 0.156250 0.091667
0 0.121094 0.606944 0.156250 0.091667
0 0.599219 0.863889 0.156250 0.091667
0 0.328125 0.698611 0.156250 0.091667
0 0.835938 0.386111 0.156250 0.119444
0 0.858594 0.761111 0.156250 0.091667
0 0.676562 0.425000 0.156250 0.091667
0 0.375000 0.515278 0.156250 0.119444
0 0.104688 0.783333 0.156250 0.091667
0 0.869531 0.931944 0.156250 0.091667
0 0.632812 0.727778 0.156250 0.119444
0 0.632031 0.273611 0.156250 0.119444
0 0.889062 0.277778 0.156250 0.091667
1 0.781641 0.250694 0.070076 0.168056
1 0.605469 0.444601 0.314063 0.114235
1 0.503906 0.621528 0.122273 0.109722
1 0.646399 0.500694 0.037905 0.351389