0 0.665625 0.261111 0.267188 0.230556
0 0.843359 0.937500 0.157031 0.091667
0 0.445312 0.645833 0.156250 0.091667
0 0.221875 0.529167 0.164062 0.119444
0 0.379688 0.343056 0.156250 0.091667
0 0.906250 0.787500 0.156250 0.091667
0 0.294531 0.169444 0.156250 0.091667
0 0.152344 0.787500 0.164062 0.119444
0 0.353906 0.850000 0.156250 0.091667
0 0.227344 0.676389 0.156250 0.091667
0 0.914062 0.312500 0.156250 0.091667
0 0.825000 0.494444 0.156250 0.091667
0 0.867188 0.658333 0.164062 0.119444
0 0.142969 0.280556 0.156250 0.091667
0 0.555469 0.433333 0.156250 0.091667
0 0.385937 0.504167 0.156250 0.091667
1 0.187109 0.658333 0.046757 0.155556
1 0.509766 0.725672 0.560156 0.121698