0 0.833203 0.344444 0.233594 0.286111
0 0.534375 0.131944 0.156250 0.091667
0 0.108594 0.534722 0.156250 0.091667
0 0.149219 0.863889 0.156250 0.091667
0 0.837500 0.694444 0.156250 0.091667
0 0.270313 0.630556 0.156250 0.119444
0 0.389062 0.795833 0.156250 0.091667
0 0.413281 0.931944 0.156250 0.091667
0 0.555469 0.805556 0.156250 0.091667
0 0.678125 0.558333 0.156250 0.091667
0 0.313281 0.470833 0.156250 0.119444
0 0.347656 0.129167 0.156250 0.091667
0 0.637500 0.419444 0.156250 0.091667
0 0.721094 0.848611 0.156250 0.119444
0 0.549219 0.238889 0.156250 0.091667
0 0.899219 0.829167 0.156250 0.119444
0 0.451562 0.643056 0.156250 0.091667
0 0.149219 0.754167 0.156250 0.091667
1 0.291797 0.550694 0.020211 0.056944
1 0.810156 0.841209 0.031250 0.023694