0 0.685156 0.395833 0.323437 0.258333
0 0.459375 0.833333 0.156250 0.091667
0 0.587500 0.061111 0.156250 0.091667
0 0.534375 0.725000 0.156250 0.091667
0 0.225781 0.852778 0.156250 0.091667
0 0.782813 0.879167 0.156250 0.119444
0 0.362500 0.552778 0.156250 0.091667
0 0.211719 0.726389 0.156250 0.091667
0 0.307031 0.072222 0.156250 0.091667
0 0.145313 0.390278 0.156250 0.119444
0 0.096875 0.091667 0.156250 0.091667
0 0.303125 0.279167 0.156250 0.091667
0 0.117188 0.566667 0.156250 0.091667
0 0.798828 0.080556 0.167969 0.091667
0 0.867188 0.637500 0.156250 0.119444
0 0.786328 0.758333 0.157031 0.119444
0 0.310937 0.420833 0.156250 0.091667
1 0.464062 0.634722 0.491122 0.386111
1 0.506250 0.513889 0.575000 0.210378
1 0.826758 0.697917 0.010304 0.018056