0 0.485938 0.137500 0.267188 0.230556
0 0.166797 0.141667 0.157031 0.091667
0 0.371875 0.351389 0.156250 0.091667
0 0.107813 0.669444 0.164062 0.119444
0 0.598437 0.388889 0.156250 0.091667
0 0.219531 0.868056 0.156250 0.091667
0 0.889062 0.327778 0.156250 0.091667
0 0.501563 0.525000 0.164062 0.119444
0 0.284375 0.613889 0.156250 0.091667
0 0.111719 0.480556 0.156250 0.091667
0 0.702344 0.936111 0.156250 0.091667
0 0.810156 0.729167 0.156250 0.091667
0 0.710156 0.200000 0.164062 0.119444
0 0.871875 0.868056 0.156250 0.091667
0 0.415625 0.770833 0.156250 0.091667
0 0.650781 0.723611 0.156250 0.091667
1 0.304688 0.603362 0.239063 0.113206
1 0.605859 0.362500 0.141306 0.222222