0 0.300000 0.706944 0.264062 0.230556
0 0.746875 0.283333 0.156250 0.091667
0 0.590625 0.933333 0.156250 0.091667
0 0.223047 0.455556 0.183594 0.119444
0 0.825000 0.694444 0.156250 0.091667
0 0.172656 0.215278 0.156250 0.091667
0 0.149219 0.066667 0.156250 0.091667
0 0.800000 0.390278 0.164062 0.119444
0 0.540625 0.076389 0.156250 0.091667
0 0.640625 0.730556 0.156250 0.091667
0 0.517188 0.356944 0.156250 0.091667
0 0.431250 0.206944 0.156250 0.091667
0 0.521094 0.541667 0.164062 0.119444
0 0.878125 0.525000 0.156250 0.091667
1 0.516406 0.438683 0.412500 0.094915
1 0.660547 0.465972 0.124219 0.079003