0 0.517969 0.776389 0.323437 0.258333
0 0.783594 0.376389 0.156250 0.091667
0 0.222656 0.380556 0.156250 0.091667
0 0.684375 0.084722 0.156250 0.091667
0 0.482031 0.383333 0.156250 0.091667
0 0.236719 0.902778 0.156250 0.119444
0 0.568750 0.179167 0.156250 0.091667
0 0.092969 0.248611 0.156250 0.091667
0 0.545312 0.558333 0.156250 0.091667
0 0.766406 0.658333 0.156250 0.119444
0 0.825781 0.818056 0.156250 0.091667
0 0.370312 0.580556 0.156250 0.091667
0 0.768750 0.931944 0.156250 0.091667
0 0.855859 0.119444 0.167969 0.091667
0 0.166406 0.600000 0.156250 0.119444
0 0.799609 0.247222 0.157031 0.119444
0 0.389844 0.200000 0.156250 0.091667
1 0.501563 0.780556 0.382812 0.189004
1 0.466406 0.612216 0.453125 0.093711
1 0.482812 0.423720 0.485938 0.282175