0 0.566406 0.634722 0.323437 0.258333
0 0.547656 0.300000 0.156250 0.091667
0 0.907031 0.194444 0.156250 0.091667
0 0.128906 0.084722 0.156250 0.091667
0 0.317969 0.204167 0.156250 0.091667
0 0.673438 0.865278 0.156250 0.119444
0 0.652344 0.406944 0.156250 0.091667
0 0.871875 0.445833 0.156250 0.091667
0 0.296094 0.669444 0.156250 0.091667
0 0.478125 0.413889 0.156250 0.119444
0 0.160156 0.259722 0.156250 0.091667
0 0.305469 0.406944 0.156250 0.091667
0 0.104688 0.926389 0.156250 0.091667
0 0.139453 0.476389 0.167969 0.091667
0 0.337500 0.076389 0.156250 0.119444
0 0.509766 0.881944 0.157031 0.119444
0 0.191406 0.822222 0.156250 0.091667
1 0.575781 0.639583 0.153005 0.348611
1 0.407813 0.245139 0.100231 0.234722
1 0.423633 0.479167 0.156098 0.702778