0 0.692187 0.850000 0.323437 0.258333
0 0.775000 0.658333 0.156250 0.091667
0 0.842187 0.298611 0.156250 0.091667
0 0.705469 0.065278 0.156250 0.091667
0 0.092188 0.570833 0.156250 0.091667
0 0.260156 0.413889 0.156250 0.119444
0 0.897656 0.512500 0.156250 0.091667
0 0.285938 0.683333 0.156250 0.091667
0 0.369531 0.780556 0.156250 0.091667
0 0.142969 0.805556 0.156250 0.119444
0 0.423438 0.330556 0.156250 0.091667
0 0.571875 0.547222 0.156250 0.091667
0 0.208594 0.198611 0.156250 0.091667
0 0.398047 0.119444 0.167969 0.091667
0 0.628906 0.418056 0.156250 0.119444
0 0.599609 0.209722 0.157031 0.119444
0 0.880469 0.156944 0.156250 0.091667
1 0.201563 0.609722 0.090824 0.288889
1 0.385937 0.611806 0.345525 0.284722
1 0.614883 0.313889 0.023125 0.105556