0 0.814453 0.255556 0.233594 0.286111
0 0.442188 0.504167 0.156250 0.091667
0 0.802344 0.800000 0.156250 0.091667
0 0.510938 0.940278 0.156250 0.091667
0 0.678906 0.563889 0.156250 0.091667
0 0.870313 0.911111 0.156250 0.119444
0 0.226562 0.391667 0.156250 0.091667
0 0.492188 0.366667 0.156250 0.091667
0 0.219531 0.752778 0.156250 0.091667
0 0.100781 0.618056 0.156250 0.091667
0 0.601562 0.175000 0.156250 0.119444
0 0.273438 0.509722 0.156250 0.091667
0 0.247656 0.906944 0.156250 0.091667
0 0.105469 0.183333 0.156250 0.119444
0 0.294531 0.619444 0.156250 0.091667
0 0.850000 0.641667 0.156250 0.119444
0 0.610938 0.793056 0.156250 0.091667
0 0.244531 0.075000 0.156250 0.091667
1 0.735938 0.543056 0.234517 0.633333
1 0.477734 0.412500 0.597656 0.378813