0 0.746484 0.188889 0.233594 0.286111
0 0.260937 0.194444 0.156250 0.091667
0 0.459375 0.148611 0.156250 0.091667
0 0.445312 0.243056 0.156250 0.091667
0 0.901563 0.570833 0.156250 0.091667
0 0.549219 0.634722 0.156250 0.119444
0 0.289844 0.620833 0.156250 0.091667
0 0.257812 0.445833 0.156250 0.091667
0 0.222656 0.061111 0.156250 0.091667
0 0.107813 0.730556 0.156250 0.091667
0 0.912500 0.902778 0.156250 0.119444
0 0.415625 0.519444 0.156250 0.091667
0 0.499219 0.883333 0.156250 0.091667
0 0.739844 0.808333 0.156250 0.119444
0 0.279687 0.843056 0.156250 0.091667
0 0.112500 0.880556 0.156250 0.119444
0 0.907813 0.676389 0.156250 0.091667
0 0.443750 0.745833 0.156250 0.091667
1 0.730859 0.768750 0.216406 0.169430
1 0.426172 0.830283 0.480469 0.099223