0 0.531641 0.804167 0.255469 0.313889
0 0.810547 0.805556 0.157031 0.091667
0 0.477344 0.140278 0.156250 0.091667
0 0.580078 0.301389 0.157031 0.119444
0 0.896875 0.275000 0.156250 0.091667
0 0.805469 0.462500 0.156250 0.091667
0 0.800000 0.131944 0.164062 0.119444
0 0.347656 0.255556 0.156250 0.091667
0 0.266406 0.550000 0.156250 0.091667
0 0.178125 0.716667 0.164062 0.119444
0 0.782813 0.688889 0.156250 0.091667
0 0.149219 0.250000 0.156250 0.091667
0 0.823438 0.898611 0.156250 0.091667
0 0.186719 0.100000 0.164062 0.119444
0 0.635938 0.416667 0.156250 0.091667
0 0.712500 0.570833 0.156250 0.091667
0 0.339844 0.450000 0.156250 0.091667
0 0.166406 0.933333 0.156250 0.091667
1 0.690039 0.216667 0.074270 0.066667
1 0.489063 0.424306 0.504216 0.481944
1 0.379102 0.509028 0.295716 0.312500