0 0.456250 0.522222 0.267188 0.230556
0 0.363672 0.169444 0.157031 0.091667
0 0.802344 0.740278 0.156250 0.091667
0 0.123438 0.248611 0.164062 0.119444
0 0.832031 0.397222 0.156250 0.091667
0 0.869531 0.216667 0.156250 0.091667
0 0.210156 0.837500 0.156250 0.091667
0 0.618750 0.112500 0.164062 0.119444
0 0.490625 0.758333 0.156250 0.091667
0 0.558594 0.241667 0.156250 0.091667
0 0.703906 0.925000 0.156250 0.091667
0 0.770312 0.611111 0.156250 0.091667
0 0.108594 0.469444 0.164062 0.119444
0 0.537500 0.933333 0.156250 0.091667
0 0.293750 0.268056 0.156250 0.091667
0 0.129688 0.652778 0.156250 0.091667
1 0.371094 0.185251 0.340625 0.117084
1 0.363672 0.290972 0.355469 0.258820