0 0.267578 0.666667 0.157031 0.119444
0 0.521094 0.609722 0.156250 0.091667
0 0.435156 0.273611 0.156250 0.091667
0 0.117188 0.806944 0.156250 0.091667
0 0.782813 0.572222 0.265625 0.119444
0 0.179688 0.468056 0.156250 0.091667
0 0.739062 0.441667 0.156250 0.091667
0 0.634375 0.815278 0.265625 0.119444
0 0.121094 0.256944 0.156250 0.091667
0 0.797656 0.300000 0.156250 0.091667
0 0.857812 0.826389 0.156250 0.091667
0 0.417187 0.075000 0.265625 0.119444
0 0.730469 0.148611 0.156250 0.091667
0 0.122656 0.108333 0.156250 0.091667
0 0.211719 0.361111 0.156250 0.091667