0 0.694141 0.390278 0.257031 0.286111
0 0.228906 0.115278 0.156250 0.091667
0 0.256250 0.645833 0.156250 0.091667
0 0.464844 0.501389 0.156250 0.091667
0 0.897656 0.820833 0.156250 0.119444
0 0.423438 0.155556 0.156250 0.091667
0 0.747656 0.145833 0.156250 0.091667
0 0.595313 0.656944 0.156250 0.091667
0 0.517188 0.837500 0.156250 0.091667
0 0.913281 0.090278 0.156250 0.119444
0 0.159375 0.797222 0.156250 0.091667
0 0.189062 0.904167 0.156250 0.091667
0 0.484375 0.311111 0.156250 0.119444
0 0.282813 0.493056 0.156250 0.091667
0 0.108594 0.362500 0.156250 0.091667
0 0.157812 0.252778 0.156250 0.119444
0 0.679688 0.883333 0.156250 0.119444
0 0.860156 0.693056 0.156250 0.091667
1 0.917815 0.455556 0.047138 0.627778
1 0.698828 0.200694 0.282031 0.157051
1 0.321094 0.266842 0.179688 0.077295
1 0.418750 0.568056 0.432393 0.527778