0 0.257031 0.772222 0.264062 0.230556
0 0.511719 0.363889 0.156250 0.091667
0 0.860156 0.552778 0.156250 0.091667
0 0.508984 0.522222 0.183594 0.119444
0 0.261719 0.366667 0.156250 0.091667
0 0.888281 0.713889 0.156250 0.091667
0 0.906250 0.409722 0.156250 0.091667
0 0.747656 0.918056 0.164062 0.119444
0 0.585938 0.222222 0.156250 0.091667
0 0.257031 0.494444 0.156250 0.091667
0 0.617188 0.087500 0.156250 0.091667
0 0.901563 0.202778 0.156250 0.091667
0 0.239063 0.101389 0.164062 0.119444
0 0.749219 0.358333 0.156250 0.091667
1 0.628320 0.720139 0.176027 0.293056
1 0.493359 0.509722 0.443583 0.713889