0 0.833594 0.486111 0.267188 0.230556
0 0.553516 0.288889 0.157031 0.091667
0 0.173437 0.690278 0.156250 0.091667
0 0.867969 0.818056 0.164062 0.119444
0 0.389844 0.754167 0.156250 0.091667
0 0.360938 0.059722 0.156250 0.091667
0 0.163281 0.398611 0.156250 0.091667
0 0.112500 0.247222 0.164062 0.119444
0 0.881250 0.148611 0.156250 0.091667
0 0.628125 0.133333 0.156250 0.091667
0 0.338281 0.320833 0.156250 0.091667
0 0.458594 0.491667 0.156250 0.091667
0 0.569531 0.918056 0.164062 0.119444
0 0.555469 0.777778 0.156250 0.091667
0 0.163281 0.563889 0.156250 0.091667
0 0.168750 0.097222 0.156250 0.091667
1 0.490234 0.532639 0.606765 0.468056
1 0.341016 0.582639 0.385030 0.568056