0 0.137500 0.602778 0.259375 0.258333
0 0.326562 0.079167 0.156250 0.091667
0 0.582812 0.911111 0.156250 0.091667
0 0.831250 0.815278 0.156250 0.091667
0 0.862500 0.705556 0.156250 0.119444
0 0.630469 0.655556 0.156250 0.091667
0 0.622656 0.481944 0.156250 0.091667
0 0.085938 0.256944 0.156250 0.119444
0 0.250000 0.426389 0.156250 0.091667
0 0.655469 0.193056 0.156250 0.091667
0 0.631250 0.336111 0.156250 0.119444
0 0.911719 0.376389 0.156250 0.091667
0 0.689063 0.059722 0.156250 0.091667
0 0.417969 0.788889 0.156250 0.091667
1 0.474219 0.481250 0.629687 0.375014
1 0.746875 0.520833 0.165860 0.266667