0 0.383594 0.586111 0.323437 0.258333
0 0.792969 0.670833 0.156250 0.091667
0 0.321094 0.827778 0.156250 0.091667
0 0.288281 0.133333 0.156250 0.091667
0 0.766406 0.920833 0.156250 0.091667
0 0.720313 0.561111 0.156250 0.119444
0 0.716406 0.245833 0.156250 0.091667
0 0.866406 0.400000 0.156250 0.091667
0 0.595313 0.383333 0.156250 0.091667
0 0.139063 0.505556 0.156250 0.119444
0 0.656250 0.063889 0.156250 0.091667
0 0.898438 0.218056 0.156250 0.091667
0 0.452344 0.141667 0.156250 0.091667
0 0.580078 0.851389 0.167969 0.091667
0 0.632031 0.725000 0.156250 0.119444
0 0.334766 0.298611 0.157031 0.119444
0 0.153906 0.291667 0.156250 0.091667
1 0.429688 0.515751 0.434375 0.092453
1 0.385547 0.615278 0.346094 0.166557
1 0.483398 0.511806 0.223368 0.323611