0 0.173047 0.704167 0.257031 0.286111
0 0.557813 0.283333 0.156250 0.091667
0 0.243750 0.500000 0.156250 0.091667
0 0.375000 0.247222 0.156250 0.091667
0 0.610156 0.461111 0.156250 0.119444
0 0.714063 0.095833 0.156250 0.091667
0 0.417187 0.748611 0.156250 0.091667
0 0.538281 0.119444 0.156250 0.091667
0 0.641406 0.879167 0.156250 0.091667
0 0.896875 0.311111 0.156250 0.119444
0 0.420312 0.495833 0.156250 0.091667
0 0.325000 0.134722 0.156250 0.091667
0 0.675000 0.673611 0.156250 0.119444
0 0.910937 0.836111 0.156250 0.091667
0 0.125781 0.138889 0.156250 0.091667
0 0.255469 0.369444 0.156250 0.119444
0 0.844531 0.452778 0.156250 0.119444
0 0.500000 0.600000 0.156250 0.091667
1 0.753516 0.386443 0.139844 0.085586
1 0.785937 0.492361 0.158142 0.259722
1 0.465234 0.521528 0.272656 0.207550
1 0.550000 0.423494 0.442188 0.102662