0 0.596875 0.252778 0.323437 0.258333
0 0.151562 0.102778 0.156250 0.091667
0 0.125000 0.883333 0.156250 0.091667
0 0.822656 0.859722 0.156250 0.091667
0 0.261719 0.500000 0.156250 0.091667
0 0.420312 0.641667 0.156250 0.119444
0 0.658594 0.763889 0.156250 0.091667
0 0.841406 0.429167 0.156250 0.091667
0 0.457031 0.920833 0.156250 0.091667
0 0.622656 0.926389 0.156250 0.119444
0 0.835156 0.704167 0.156250 0.091667
0 0.783594 0.066667 0.156250 0.091667
0 0.153906 0.215278 0.156250 0.091667
0 0.133203 0.326389 0.167969 0.091667
0 0.367188 0.773611 0.156250 0.119444
0 0.450391 0.484722 0.157031 0.119444
0 0.337500 0.363889 0.156250 0.091667
1 0.521484 0.784028 0.126833 0.181944
1 0.494922 0.850000 0.108594 0.076002
1 0.408789 0.629167 0.058177 0.186111