0 0.530469 0.252778 0.264062 0.230556
0 0.624219 0.811111 0.156250 0.091667
0 0.814063 0.238889 0.156250 0.091667
0 0.183984 0.118056 0.183594 0.119444
0 0.743750 0.636111 0.156250 0.091667
0 0.410938 0.426389 0.156250 0.091667
0 0.387500 0.720833 0.156250 0.091667
0 0.732812 0.466667 0.164062 0.119444
0 0.757812 0.063889 0.156250 0.091667
0 0.377344 0.920833 0.156250 0.091667
0 0.471094 0.619444 0.156250 0.091667
0 0.796875 0.847222 0.156250 0.091667
0 0.185156 0.829167 0.164062 0.119444
0 0.137500 0.237500 0.156250 0.091667
1 0.463281 0.295463 0.384375 0.254864
1 0.458984 0.647917 0.392969 0.270572