0 0.669922 0.487500 0.257031 0.286111
0 0.198437 0.744444 0.156250 0.091667
0 0.731250 0.786111 0.156250 0.091667
0 0.623437 0.168056 0.156250 0.091667
0 0.244531 0.358333 0.156250 0.119444
0 0.891406 0.326389 0.156250 0.091667
0 0.460938 0.898611 0.156250 0.091667
0 0.250781 0.481944 0.156250 0.091667
0 0.725000 0.693056 0.156250 0.091667
0 0.417187 0.081944 0.156250 0.119444
0 0.902344 0.558333 0.156250 0.091667
0 0.174219 0.079167 0.156250 0.091667
0 0.085938 0.454167 0.156250 0.119444
0 0.170313 0.200000 0.156250 0.091667
0 0.791406 0.104167 0.156250 0.091667
0 0.182812 0.636111 0.156250 0.119444
0 0.435156 0.648611 0.156250 0.119444
0 0.888281 0.786111 0.156250 0.091667
1 0.330859 0.220139 0.107416 0.173611
1 0.251563 0.268056 0.234328 0.269444
1 0.134375 0.545139 0.042653 0.079167
1 0.308984 0.653984 0.105469 0.044672