0 0.353516 0.504167 0.255469 0.313889
0 0.791016 0.140278 0.157031 0.091667
0 0.814844 0.434722 0.156250 0.091667
0 0.541016 0.900000 0.157031 0.119444
0 0.167187 0.808333 0.156250 0.091667
0 0.807813 0.634722 0.156250 0.091667
0 0.677344 0.291667 0.164062 0.119444
0 0.796094 0.530556 0.156250 0.091667
0 0.646094 0.419444 0.156250 0.091667
0 0.495312 0.727778 0.164062 0.119444
0 0.718750 0.737500 0.156250 0.091667
0 0.309375 0.194444 0.156250 0.091667
0 0.859375 0.279167 0.156250 0.091667
0 0.129688 0.469444 0.164062 0.119444
0 0.714063 0.895833 0.156250 0.091667
0 0.542969 0.120833 0.156250 0.091667
0 0.098437 0.262500 0.156250 0.091667
0 0.376563 0.925000 0.156250 0.091667
1 0.609180 0.595833 0.118936 0.505556
1 0.586328 0.509722 0.141551 0.333333
1 0.518164 0.813889 0.023381 0.069444