0 0.276172 0.750000 0.233594 0.286111
0 0.692187 0.540278 0.156250 0.091667
0 0.125000 0.072222 0.156250 0.091667
0 0.650781 0.708333 0.156250 0.091667
0 0.307812 0.543056 0.156250 0.091667
0 0.338281 0.255556 0.156250 0.119444
0 0.828125 0.786111 0.156250 0.091667
0 0.900000 0.511111 0.156250 0.091667
0 0.124219 0.216667 0.156250 0.091667
0 0.517969 0.450000 0.156250 0.091667
0 0.657813 0.193056 0.156250 0.119444
0 0.821875 0.234722 0.156250 0.091667
0 0.189844 0.443056 0.156250 0.091667
0 0.814844 0.650000 0.156250 0.119444
0 0.738281 0.438889 0.156250 0.091667
0 0.502344 0.887500 0.156250 0.119444
0 0.479687 0.723611 0.156250 0.091667
0 0.345313 0.134722 0.156250 0.091667
1 0.498047 0.238092 0.172656 0.076177
1 0.658594 0.768750 0.165625 0.135417