0 0.402344 0.293056 0.267188 0.230556
0 0.441016 0.098611 0.157031 0.091667
0 0.258594 0.661111 0.156250 0.091667
0 0.877344 0.109722 0.164062 0.119444
0 0.707812 0.550000 0.156250 0.091667
0 0.869531 0.693056 0.156250 0.091667
0 0.199219 0.119444 0.156250 0.091667
0 0.706250 0.152778 0.164062 0.119444
0 0.648438 0.648611 0.156250 0.091667
0 0.256250 0.769444 0.156250 0.091667
0 0.132031 0.476389 0.156250 0.091667
0 0.278125 0.927778 0.156250 0.091667
0 0.815625 0.895833 0.164062 0.119444
0 0.107813 0.868056 0.156250 0.091667
0 0.584375 0.915278 0.156250 0.091667
0 0.691406 0.294444 0.156250 0.091667
1 0.791797 0.130755 0.016406 0.019426
1 0.760938 0.524306 0.101168 0.640278