0 0.202734 0.322222 0.233594 0.286111
0 0.165625 0.106944 0.156250 0.091667
0 0.603125 0.091667 0.156250 0.091667
0 0.262500 0.644444 0.156250 0.091667
0 0.854688 0.934722 0.156250 0.091667
0 0.434375 0.430556 0.156250 0.119444
0 0.327344 0.550000 0.156250 0.091667
0 0.399219 0.266667 0.156250 0.091667
0 0.639844 0.783333 0.156250 0.091667
0 0.508594 0.666667 0.156250 0.091667
0 0.845313 0.619444 0.156250 0.119444
0 0.811719 0.784722 0.156250 0.091667
0 0.116406 0.826389 0.156250 0.091667
0 0.821094 0.313889 0.156250 0.119444
0 0.661719 0.879167 0.156250 0.091667
0 0.571875 0.225000 0.156250 0.119444
0 0.420312 0.829167 0.156250 0.091667
0 0.904687 0.145833 0.156250 0.091667
1 0.639844 0.525000 0.264062 0.133735
1 0.696484 0.265338 0.102344 0.058038