0 0.769922 0.655556 0.233594 0.286111
0 0.207031 0.481944 0.156250 0.091667
0 0.724219 0.919444 0.156250 0.091667
0 0.780469 0.265278 0.156250 0.091667
0 0.228906 0.063889 0.156250 0.091667
0 0.403125 0.204167 0.156250 0.119444
0 0.548438 0.455556 0.156250 0.091667
0 0.106250 0.916667 0.156250 0.091667
0 0.475000 0.562500 0.156250 0.091667
0 0.101562 0.740278 0.156250 0.091667
0 0.582031 0.273611 0.156250 0.119444
0 0.481250 0.862500 0.156250 0.091667
0 0.125000 0.631944 0.156250 0.091667
0 0.388281 0.341667 0.156250 0.119444
0 0.749219 0.390278 0.156250 0.091667
0 0.178906 0.261111 0.156250 0.119444
0 0.529687 0.090278 0.156250 0.091667
0 0.408594 0.756944 0.156250 0.091667
1 0.492578 0.239711 0.032031 0.027105
1 0.283594 0.299415 0.062500 0.041053