0 0.734375 0.575000 0.264062 0.230556
0 0.335938 0.548611 0.156250 0.091667
0 0.451562 0.094444 0.156250 0.091667
0 0.250391 0.837500 0.183594 0.119444
0 0.681250 0.334722 0.156250 0.091667
0 0.461719 0.311111 0.156250 0.091667
0 0.893750 0.826389 0.156250 0.091667
0 0.587500 0.201389 0.164062 0.119444
0 0.128125 0.459722 0.156250 0.091667
0 0.235156 0.109722 0.156250 0.091667
0 0.511719 0.455556 0.156250 0.091667
0 0.507812 0.600000 0.156250 0.091667
0 0.528906 0.833333 0.164062 0.119444
0 0.114062 0.222222 0.156250 0.091667
1 0.418945 0.519444 0.283184 0.533333
1 0.554666 0.517361 0.063968 0.529167