0 0.853125 0.698611 0.259375 0.258333
0 0.106250 0.658333 0.156250 0.091667
0 0.368750 0.118056 0.156250 0.091667
0 0.422656 0.225000 0.156250 0.091667
0 0.575000 0.856944 0.156250 0.119444
0 0.193750 0.775000 0.156250 0.091667
0 0.591406 0.300000 0.156250 0.091667
0 0.707812 0.094444 0.156250 0.119444
0 0.407813 0.325000 0.156250 0.091667
0 0.289844 0.616667 0.156250 0.091667
0 0.103906 0.170833 0.156250 0.119444
0 0.509375 0.637500 0.156250 0.091667
0 0.316406 0.872222 0.156250 0.091667
0 0.912500 0.141667 0.156250 0.091667
1 0.641406 0.475694 0.121383 0.659722
1 0.339453 0.513889 0.398456 0.583333