0 0.231250 0.155556 0.267188 0.230556
0 0.432422 0.861111 0.157031 0.091667
0 0.598437 0.227778 0.156250 0.091667
0 0.685937 0.345833 0.164062 0.119444
0 0.106250 0.456944 0.156250 0.091667
0 0.196875 0.726389 0.156250 0.091667
0 0.871875 0.411111 0.156250 0.091667
0 0.417187 0.359722 0.164062 0.119444
0 0.266406 0.881944 0.156250 0.091667
0 0.710938 0.863889 0.156250 0.091667
0 0.300000 0.468056 0.156250 0.091667
0 0.689844 0.115278 0.156250 0.091667
0 0.526563 0.665278 0.164062 0.119444
0 0.363281 0.730556 0.156250 0.091667
0 0.760938 0.565278 0.156250 0.091667
0 0.878125 0.312500 0.156250 0.091667
1 0.551562 0.340172 0.114062 0.047288
1 0.471875 0.512500 0.075994 0.202778