0 0.382422 0.808333 0.257031 0.286111
0 0.484375 0.469444 0.156250 0.091667
0 0.324219 0.597222 0.156250 0.091667
0 0.710938 0.727778 0.156250 0.091667
0 0.514062 0.354167 0.156250 0.119444
0 0.244531 0.440278 0.156250 0.091667
0 0.658594 0.156944 0.156250 0.091667
0 0.333594 0.205556 0.156250 0.091667
0 0.691406 0.833333 0.156250 0.091667
0 0.754687 0.393056 0.156250 0.119444
0 0.901563 0.891667 0.156250 0.091667
0 0.810937 0.255556 0.156250 0.091667
0 0.154688 0.256944 0.156250 0.119444
0 0.913281 0.087500 0.156250 0.091667
0 0.134375 0.730556 0.156250 0.091667
0 0.807031 0.613889 0.156250 0.119444
0 0.101562 0.870833 0.156250 0.119444
0 0.496094 0.083333 0.156250 0.091667
1 0.634375 0.381452 0.093750 0.045985
1 0.454688 0.322612 0.453125 0.122108
1 0.480859 0.435417 0.505469 0.288115
1 0.454297 0.742361 0.558594 0.216702