0 0.700000 0.791667 0.267188 0.230556
0 0.314453 0.518056 0.157031 0.091667
0 0.520312 0.591667 0.156250 0.091667
0 0.593750 0.086111 0.164062 0.119444
0 0.257812 0.612500 0.156250 0.091667
0 0.719531 0.431944 0.156250 0.091667
0 0.329688 0.833333 0.156250 0.091667
0 0.120313 0.430556 0.164062 0.119444
0 0.285156 0.398611 0.156250 0.091667
0 0.166406 0.751389 0.156250 0.091667
0 0.792969 0.287500 0.156250 0.091667
0 0.519531 0.294444 0.156250 0.091667
0 0.874219 0.556944 0.164062 0.119444
0 0.433594 0.713889 0.156250 0.091667
0 0.223438 0.183333 0.156250 0.091667
0 0.477344 0.459722 0.156250 0.091667
1 0.357031 0.258333 0.318750 0.241749
1 0.497266 0.496684 0.599219 0.121419