0 0.828516 0.541667 0.255469 0.313889
0 0.554297 0.386111 0.157031 0.091667
0 0.491406 0.840278 0.156250 0.091667
0 0.478516 0.256944 0.157031 0.119444
0 0.309375 0.418056 0.156250 0.091667
0 0.365625 0.630556 0.156250 0.091667
0 0.751563 0.115278 0.164062 0.119444
0 0.152344 0.402778 0.156250 0.091667
0 0.435937 0.723611 0.156250 0.091667
0 0.853125 0.848611 0.164062 0.119444
0 0.766406 0.287500 0.156250 0.091667
0 0.149219 0.568056 0.156250 0.091667
0 0.213281 0.762500 0.156250 0.091667
0 0.574219 0.123611 0.164062 0.119444
0 0.603125 0.723611 0.156250 0.091667
0 0.236719 0.136111 0.156250 0.091667
0 0.514844 0.520833 0.156250 0.091667
0 0.310937 0.244444 0.156250 0.091667
1 0.613281 0.187431 0.121875 0.075851
1 0.802344 0.481944 0.094395 0.630556
1 0.665820 0.552778 0.308359 0.488889