0 0.467187 0.304167 0.267188 0.230556
0 0.862109 0.927778 0.157031 0.091667
0 0.518750 0.497222 0.156250 0.091667
0 0.388281 0.079167 0.164062 0.119444
0 0.233594 0.638889 0.156250 0.091667
0 0.188281 0.147222 0.156250 0.091667
0 0.193750 0.780556 0.156250 0.091667
0 0.138281 0.401389 0.164062 0.119444
0 0.839063 0.420833 0.156250 0.091667
0 0.467187 0.670833 0.156250 0.091667
0 0.317188 0.881944 0.156250 0.091667
0 0.772656 0.644444 0.156250 0.091667
0 0.900781 0.258333 0.164062 0.119444
0 0.655469 0.105556 0.156250 0.091667
0 0.639844 0.929167 0.156250 0.091667
0 0.865625 0.127778 0.156250 0.091667
1 0.263281 0.240278 0.166703 0.219444
1 0.519531 0.329861 0.607812 0.128942