0 0.294531 0.669444 0.267188 0.230556
0 0.394141 0.865278 0.157031 0.091667
0 0.901563 0.333333 0.156250 0.091667
0 0.788281 0.119444 0.164062 0.119444
0 0.758594 0.858333 0.156250 0.091667
0 0.667969 0.515278 0.156250 0.091667
0 0.639062 0.687500 0.156250 0.091667
0 0.907031 0.606944 0.164062 0.119444
0 0.421094 0.479167 0.156250 0.091667
0 0.242969 0.352778 0.156250 0.091667
0 0.475781 0.375000 0.156250 0.091667
0 0.557031 0.070833 0.156250 0.091667
0 0.095312 0.463889 0.164062 0.119444
0 0.882812 0.719444 0.156250 0.091667
0 0.122656 0.256944 0.156250 0.091667
0 0.425000 0.190278 0.156250 0.091667
1 0.847656 0.363194 0.099030 0.384722
1 0.501172 0.535417 0.657031 0.130808