0 0.280469 0.600000 0.323437 0.258333
0 0.326562 0.852778 0.156250 0.091667
0 0.695312 0.059722 0.156250 0.091667
0 0.746875 0.275000 0.156250 0.091667
0 0.326562 0.187500 0.156250 0.091667
0 0.626563 0.848611 0.156250 0.119444
0 0.139063 0.418056 0.156250 0.091667
0 0.371094 0.334722 0.156250 0.091667
0 0.102344 0.254167 0.156250 0.091667
0 0.528125 0.315278 0.156250 0.119444
0 0.257031 0.091667 0.156250 0.091667
0 0.607812 0.493056 0.156250 0.091667
0 0.692969 0.155556 0.156250 0.091667
0 0.610547 0.668056 0.167969 0.091667
0 0.791406 0.881944 0.156250 0.119444
0 0.776172 0.698611 0.157031 0.119444
0 0.890625 0.569444 0.156250 0.091667
1 0.577344 0.581944 0.085767 0.430556
1 0.659766 0.598611 0.217161 0.463889
1 0.785157 0.790278 0.017420 0.080556