0 0.287891 0.759722 0.255469 0.313889
0 0.716016 0.855556 0.157031 0.091667
0 0.460938 0.079167 0.156250 0.091667
0 0.308203 0.269444 0.157031 0.119444
0 0.720313 0.059722 0.156250 0.091667
0 0.101562 0.497222 0.156250 0.091667
0 0.638281 0.223611 0.164062 0.119444
0 0.900781 0.741667 0.156250 0.091667
0 0.644531 0.561111 0.156250 0.091667
0 0.645312 0.406944 0.164062 0.119444
0 0.886719 0.190278 0.156250 0.091667
0 0.276562 0.430556 0.156250 0.091667
0 0.470313 0.479167 0.156250 0.091667
0 0.721094 0.711111 0.164062 0.119444
0 0.284375 0.111111 0.156250 0.091667
0 0.473438 0.175000 0.156250 0.091667
0 0.494531 0.901389 0.156250 0.091667
0 0.897656 0.920833 0.156250 0.091667
1 0.471484 0.263491 0.178906 0.073645
1 0.639714 0.315278 0.015991 0.080556
1 0.475000 0.331940 0.185938 0.099758