0 0.425781 0.231944 0.267188 0.230556
0 0.343359 0.890278 0.157031 0.091667
0 0.139063 0.290278 0.156250 0.091667
0 0.399219 0.511111 0.164062 0.119444
0 0.857031 0.156944 0.156250 0.091667
0 0.537500 0.877778 0.156250 0.091667
0 0.131250 0.104167 0.156250 0.091667
0 0.906250 0.697222 0.164062 0.119444
0 0.671875 0.198611 0.156250 0.091667
0 0.792188 0.573611 0.156250 0.091667
0 0.682031 0.079167 0.156250 0.091667
0 0.096875 0.488889 0.156250 0.091667
0 0.583594 0.765278 0.164062 0.119444
0 0.357812 0.641667 0.156250 0.091667
0 0.392188 0.061111 0.156250 0.091667
0 0.129688 0.644444 0.156250 0.091667
1 0.652734 0.604167 0.352344 0.142557
1 0.744922 0.718467 0.167969 0.075684