0 0.831250 0.631944 0.267188 0.230556
0 0.534766 0.231944 0.157031 0.091667
0 0.672656 0.375000 0.156250 0.091667
0 0.275000 0.193056 0.164062 0.119444
0 0.832031 0.245833 0.156250 0.091667
0 0.253906 0.423611 0.156250 0.091667
0 0.256250 0.877778 0.156250 0.091667
0 0.776563 0.886111 0.164062 0.119444
0 0.650781 0.120833 0.156250 0.091667
0 0.302344 0.081944 0.156250 0.091667
0 0.572656 0.604167 0.156250 0.091667
0 0.494531 0.462500 0.156250 0.091667
0 0.520312 0.776389 0.164062 0.119444
0 0.535156 0.920833 0.156250 0.091667
0 0.163281 0.309722 0.156250 0.091667
0 0.201563 0.576389 0.156250 0.091667
1 0.525781 0.539583 0.424496 0.590278
1 0.648438 0.828827 0.101562 0.060987