0 0.668359 0.244444 0.157031 0.119444
0 0.855469 0.384722 0.156250 0.091667
0 0.153125 0.366667 0.156250 0.091667
0 0.715625 0.118056 0.156250 0.091667
0 0.844531 0.591667 0.265625 0.119444
0 0.624219 0.709722 0.156250 0.091667
0 0.853125 0.700000 0.156250 0.091667
0 0.642969 0.445833 0.265625 0.119444
0 0.395313 0.793056 0.156250 0.091667
0 0.333594 0.206944 0.156250 0.091667
0 0.500000 0.236111 0.156250 0.091667
0 0.349219 0.559722 0.265625 0.119444
0 0.128125 0.620833 0.156250 0.091667
0 0.169531 0.784722 0.156250 0.091667
0 0.171094 0.888889 0.156250 0.091667