0 0.714844 0.593056 0.323437 0.258333
0 0.402344 0.645833 0.156250 0.091667
0 0.576562 0.311111 0.156250 0.091667
0 0.178125 0.070833 0.156250 0.091667
0 0.230469 0.852778 0.156250 0.091667
0 0.457031 0.908333 0.156250 0.119444
0 0.396875 0.223611 0.156250 0.091667
0 0.836719 0.073611 0.156250 0.091667
0 0.199219 0.458333 0.156250 0.091667
0 0.224219 0.706944 0.156250 0.119444
0 0.493750 0.118056 0.156250 0.091667
0 0.803125 0.900000 0.156250 0.091667
0 0.893750 0.384722 0.156250 0.091667
0 0.893359 0.181944 0.167969 0.091667
0 0.205469 0.179167 0.156250 0.119444
0 0.374609 0.368056 0.157031 0.119444
0 0.197656 0.287500 0.156250 0.091667
1 0.340625 0.807639 0.104106 0.098611
1 0.226811 0.443056 0.047816 0.425000
1 0.290039 0.273611 0.071559 0.086111