0 0.607031 0.622222 0.323437 0.258333
0 0.437500 0.090278 0.156250 0.091667
0 0.350000 0.295833 0.156250 0.091667
0 0.896875 0.855556 0.156250 0.091667
0 0.860938 0.170833 0.156250 0.091667
0 0.589063 0.413889 0.156250 0.119444
0 0.243750 0.069444 0.156250 0.091667
0 0.234375 0.838889 0.156250 0.091667
0 0.591406 0.280556 0.156250 0.091667
0 0.887500 0.415278 0.156250 0.119444
0 0.192969 0.273611 0.156250 0.091667
0 0.114062 0.697222 0.156250 0.091667
0 0.581250 0.854167 0.156250 0.091667
0 0.888672 0.691667 0.167969 0.091667
0 0.873437 0.284722 0.156250 0.119444
0 0.276172 0.609722 0.157031 0.119444
0 0.385156 0.427778 0.156250 0.091667
1 0.738281 0.433376 0.151562 0.054914
1 0.880638 0.350000 0.010911 0.027778
1 0.575000 0.447116 0.450000 0.256431