0 0.204297 0.588889 0.255469 0.313889
0 0.860547 0.436111 0.157031 0.091667
0 0.097656 0.338889 0.156250 0.091667
0 0.367578 0.848611 0.157031 0.119444
0 0.825781 0.173611 0.156250 0.091667
0 0.136719 0.138889 0.156250 0.091667
0 0.467187 0.654167 0.164062 0.119444
0 0.407031 0.177778 0.156250 0.091667
0 0.161719 0.240278 0.156250 0.091667
0 0.637500 0.402778 0.164062 0.119444
0 0.324219 0.334722 0.156250 0.091667
0 0.685156 0.658333 0.156250 0.091667
0 0.747656 0.863889 0.156250 0.091667
0 0.535156 0.876389 0.164062 0.119444
0 0.889062 0.748611 0.156250 0.091667
0 0.867188 0.268056 0.156250 0.091667
0 0.450781 0.490278 0.156250 0.091667
0 0.205469 0.809722 0.156250 0.091667
1 0.417383 0.751389 0.047796 0.091667
1 0.552344 0.528472 0.098766 0.148611
1 0.502539 0.625694 0.206981 0.343056