0 0.726953 0.793056 0.257031 0.286111
0 0.310156 0.902778 0.156250 0.091667
0 0.414062 0.650000 0.156250 0.091667
0 0.783594 0.438889 0.156250 0.091667
0 0.864844 0.187500 0.156250 0.119444
0 0.608594 0.155556 0.156250 0.091667
0 0.409375 0.351389 0.156250 0.091667
0 0.646094 0.334722 0.156250 0.091667
0 0.517188 0.894444 0.156250 0.091667
0 0.213281 0.316667 0.156250 0.119444
0 0.448437 0.236111 0.156250 0.091667
0 0.354687 0.801389 0.156250 0.091667
0 0.260156 0.472222 0.156250 0.119444
0 0.822656 0.065278 0.156250 0.091667
0 0.120313 0.825000 0.156250 0.091667
0 0.220312 0.175000 0.156250 0.119444
0 0.417969 0.076389 0.156250 0.119444
0 0.882812 0.551389 0.156250 0.091667
1 0.539062 0.249025 0.504687 0.120976
1 0.236719 0.394444 0.020257 0.052778
1 0.241776 0.323611 0.036291 0.194444
1 0.319141 0.126051 0.050781 0.038037