0 0.642188 0.704167 0.264062 0.230556
0 0.471875 0.320833 0.156250 0.091667
0 0.278906 0.477778 0.156250 0.091667
0 0.649609 0.502778 0.183594 0.119444
0 0.846094 0.102778 0.156250 0.091667
0 0.110156 0.398611 0.156250 0.091667
0 0.895312 0.509722 0.156250 0.091667
0 0.175781 0.763889 0.164062 0.119444
0 0.324219 0.088889 0.156250 0.091667
0 0.529687 0.061111 0.156250 0.091667
0 0.600000 0.218056 0.156250 0.091667
0 0.643750 0.350000 0.156250 0.091667
0 0.210156 0.276389 0.164062 0.119444
0 0.301563 0.584722 0.156250 0.091667
1 0.407813 0.636024 0.309375 0.181987
1 0.201984 0.520139 0.053359 0.384722