0 0.814453 0.251389 0.257031 0.286111
0 0.314844 0.869444 0.156250 0.091667
0 0.807813 0.695833 0.156250 0.091667
0 0.323437 0.134722 0.156250 0.091667
0 0.431250 0.684722 0.156250 0.119444
0 0.621094 0.783333 0.156250 0.091667
0 0.590625 0.931944 0.156250 0.091667
0 0.581250 0.347222 0.156250 0.091667
0 0.835156 0.476389 0.156250 0.091667
0 0.422656 0.330556 0.156250 0.119444
0 0.853906 0.843056 0.156250 0.091667
0 0.357812 0.513889 0.156250 0.091667
0 0.557031 0.120833 0.156250 0.119444
0 0.557031 0.459722 0.156250 0.091667
0 0.732812 0.602778 0.156250 0.091667
0 0.207813 0.638889 0.156250 0.119444
0 0.153906 0.826389 0.156250 0.119444
0 0.113281 0.251389 0.156250 0.091667
1 0.435432 0.507639 0.032027 0.251389
1 0.489844 0.225694 0.067219 0.106944
1 0.382422 0.379861 0.278077 0.415278
1 0.180859 0.732639 0.028941 0.084722