0 0.208203 0.472222 0.233594 0.286111
0 0.464062 0.201389 0.156250 0.091667
0 0.690625 0.059722 0.156250 0.091667
0 0.357812 0.838889 0.156250 0.091667
0 0.776563 0.430556 0.156250 0.091667
0 0.616406 0.479167 0.156250 0.119444
0 0.418750 0.538889 0.156250 0.091667
0 0.699219 0.705556 0.156250 0.091667
0 0.477344 0.744444 0.156250 0.091667
0 0.774219 0.855556 0.156250 0.091667
0 0.538281 0.865278 0.156250 0.119444
0 0.706250 0.229167 0.156250 0.091667
0 0.129688 0.918056 0.156250 0.091667
0 0.163281 0.188889 0.156250 0.119444
0 0.425781 0.091667 0.156250 0.091667
0 0.165625 0.802778 0.156250 0.119444
0 0.453906 0.434722 0.156250 0.091667
0 0.901563 0.063889 0.156250 0.091667
1 0.577344 0.672222 0.063332 0.283333
1 0.149300 0.495833 0.041568 0.511111