0 0.731250 0.256944 0.323437 0.258333
0 0.623437 0.922222 0.156250 0.091667
0 0.450781 0.909722 0.156250 0.091667
0 0.204687 0.891667 0.156250 0.091667
0 0.414062 0.150000 0.156250 0.091667
0 0.403125 0.786111 0.156250 0.119444
0 0.347656 0.493056 0.156250 0.091667
0 0.552344 0.620833 0.156250 0.091667
0 0.776563 0.540278 0.156250 0.091667
0 0.160938 0.736111 0.156250 0.119444
0 0.135937 0.419444 0.156250 0.091667
0 0.091406 0.134722 0.156250 0.091667
0 0.587500 0.736111 0.156250 0.091667
0 0.336328 0.613889 0.167969 0.091667
0 0.388281 0.334722 0.156250 0.119444
0 0.153516 0.250000 0.157031 0.119444
0 0.892188 0.719444 0.156250 0.091667
1 0.282031 0.754088 0.095312 0.048454
1 0.274609 0.535417 0.169066 0.298611
1 0.271094 0.289063 0.087500 0.051597