0 0.266406 0.809722 0.259375 0.258333
0 0.150781 0.604167 0.156250 0.091667
0 0.247656 0.090278 0.156250 0.091667
0 0.480469 0.719444 0.156250 0.091667
0 0.745313 0.308333 0.156250 0.119444
0 0.409375 0.558333 0.156250 0.091667
0 0.657813 0.468056 0.156250 0.091667
0 0.308594 0.327778 0.156250 0.119444
0 0.616406 0.600000 0.156250 0.091667
0 0.129688 0.286111 0.156250 0.091667
0 0.442188 0.090278 0.156250 0.119444
0 0.769531 0.176389 0.156250 0.091667
0 0.660156 0.926389 0.156250 0.091667
0 0.686719 0.788889 0.156250 0.091667
1 0.526953 0.342703 0.289844 0.078449
1 0.593750 0.199306 0.156250 0.122322