0 0.511328 0.252778 0.233594 0.286111
0 0.829688 0.343056 0.156250 0.091667
0 0.224219 0.765278 0.156250 0.091667
0 0.435156 0.454167 0.156250 0.091667
0 0.476562 0.893056 0.156250 0.091667
0 0.709375 0.166667 0.156250 0.119444
0 0.546094 0.594444 0.156250 0.091667
0 0.629687 0.787500 0.156250 0.091667
0 0.815625 0.437500 0.156250 0.091667
0 0.792969 0.550000 0.156250 0.091667
0 0.390625 0.743056 0.156250 0.119444
0 0.225000 0.616667 0.156250 0.091667
0 0.186719 0.494444 0.156250 0.091667
0 0.913281 0.222222 0.156250 0.119444
0 0.197656 0.063889 0.156250 0.091667
0 0.767969 0.925000 0.156250 0.119444
0 0.896094 0.661111 0.156250 0.091667
0 0.104688 0.908333 0.156250 0.091667
1 0.550000 0.454861 0.262071 0.473611
1 0.840625 0.573611 0.129990 0.600000