0 0.112891 0.245833 0.157031 0.119444
0 0.819531 0.180556 0.156250 0.091667
0 0.333594 0.479167 0.156250 0.091667
0 0.167969 0.381944 0.156250 0.091667
0 0.358594 0.719444 0.265625 0.119444
0 0.644531 0.113889 0.156250 0.091667
0 0.150000 0.873611 0.156250 0.091667
0 0.683594 0.562500 0.265625 0.119444
0 0.367969 0.862500 0.156250 0.091667
0 0.233594 0.086111 0.156250 0.091667
0 0.659375 0.306944 0.156250 0.091667
0 0.682813 0.793056 0.265625 0.119444
0 0.417969 0.195833 0.156250 0.091667
0 0.337500 0.368056 0.156250 0.091667
0 0.121094 0.643056 0.156250 0.091667