0 0.357031 0.750000 0.323437 0.258333
0 0.849219 0.322222 0.156250 0.091667
0 0.231250 0.538889 0.156250 0.091667
0 0.321875 0.229167 0.156250 0.091667
0 0.603125 0.937500 0.156250 0.091667
0 0.482812 0.554167 0.156250 0.119444
0 0.837500 0.602778 0.156250 0.091667
0 0.821875 0.095833 0.156250 0.091667
0 0.689063 0.704167 0.156250 0.091667
0 0.877344 0.847222 0.156250 0.119444
0 0.564063 0.152778 0.156250 0.091667
0 0.506250 0.358333 0.156250 0.091667
0 0.111719 0.834722 0.156250 0.091667
0 0.216016 0.066667 0.167969 0.091667
0 0.163281 0.223611 0.156250 0.119444
0 0.677734 0.447222 0.157031 0.119444
0 0.847656 0.437500 0.156250 0.091667
1 0.680078 0.700694 0.247656 0.193661
1 0.520312 0.535417 0.586668 0.520833
1 0.420312 0.335332 0.367188 0.172193