0 0.755859 0.788889 0.257031 0.286111
0 0.372656 0.687500 0.156250 0.091667
0 0.839844 0.563889 0.156250 0.091667
0 0.493750 0.883333 0.156250 0.091667
0 0.914062 0.168056 0.156250 0.119444
0 0.313281 0.816667 0.156250 0.091667
0 0.550781 0.401389 0.156250 0.091667
0 0.247656 0.166667 0.156250 0.091667
0 0.606250 0.502778 0.156250 0.091667
0 0.185938 0.530556 0.156250 0.119444
0 0.131250 0.790278 0.156250 0.091667
0 0.392188 0.269444 0.156250 0.091667
0 0.449219 0.144444 0.156250 0.119444
0 0.907031 0.470833 0.156250 0.091667
0 0.184375 0.345833 0.156250 0.091667
0 0.684375 0.147222 0.156250 0.119444
0 0.151562 0.681944 0.156250 0.119444
0 0.333594 0.933333 0.156250 0.091667
1 0.550000 0.349306 0.581250 0.301377
1 0.317578 0.337500 0.191210 0.283333
1 0.566797 0.156121 0.088281 0.038174
1 0.417969 0.414583 0.423170 0.431944