0 0.817578 0.625000 0.233594 0.286111
0 0.492188 0.576389 0.156250 0.091667
0 0.521875 0.151389 0.156250 0.091667
0 0.139063 0.640278 0.156250 0.091667
0 0.395313 0.330556 0.156250 0.091667
0 0.120313 0.780556 0.156250 0.119444
0 0.095312 0.895833 0.156250 0.091667
0 0.607031 0.929167 0.156250 0.091667
0 0.765625 0.393056 0.156250 0.091667
0 0.410156 0.677778 0.156250 0.091667
0 0.673438 0.261111 0.156250 0.119444
0 0.176563 0.508333 0.156250 0.091667
0 0.881250 0.229167 0.156250 0.091667
0 0.302344 0.868056 0.156250 0.119444
0 0.216406 0.212500 0.156250 0.091667
0 0.610938 0.755556 0.156250 0.119444
0 0.686719 0.084722 0.156250 0.091667
0 0.156250 0.318056 0.156250 0.091667
1 0.396875 0.520833 0.435311 0.416667
1 0.456641 0.818234 0.161719 0.085061