0 0.707812 0.613889 0.259375 0.258333
0 0.302344 0.555556 0.156250 0.091667
0 0.089063 0.852778 0.156250 0.091667
0 0.471875 0.754167 0.156250 0.091667
0 0.890625 0.402778 0.156250 0.119444
0 0.231250 0.323611 0.156250 0.091667
0 0.548438 0.280556 0.156250 0.091667
0 0.846875 0.083333 0.156250 0.119444
0 0.805469 0.912500 0.156250 0.091667
0 0.108594 0.473611 0.156250 0.091667
0 0.787500 0.266667 0.156250 0.119444
0 0.293750 0.911111 0.156250 0.091667
0 0.533594 0.151389 0.156250 0.091667
0 0.206250 0.065278 0.156250 0.091667
1 0.867160 0.243056 0.039946 0.216667
1 0.839063 0.334722 0.022003 0.033333