0 0.816406 0.194444 0.267188 0.230556
0 0.163672 0.891667 0.157031 0.091667
0 0.803906 0.623611 0.156250 0.091667
0 0.218750 0.141667 0.164062 0.119444
0 0.735156 0.522222 0.156250 0.091667
0 0.835156 0.936111 0.156250 0.091667
0 0.373437 0.533333 0.156250 0.091667
0 0.442188 0.819444 0.164062 0.119444
0 0.482812 0.675000 0.156250 0.091667
0 0.670312 0.722222 0.156250 0.091667
0 0.413281 0.373611 0.156250 0.091667
0 0.817187 0.362500 0.156250 0.091667
0 0.206250 0.498611 0.164062 0.119444
0 0.657031 0.416667 0.156250 0.091667
0 0.864062 0.733333 0.156250 0.091667
0 0.521094 0.216667 0.156250 0.091667
1 0.330469 0.480556 0.193436 0.575000
1 0.324219 0.659028 0.157474 0.218056