0 0.270313 0.350000 0.267188 0.230556
0 0.820703 0.390278 0.157031 0.091667
0 0.406250 0.901389 0.156250 0.091667
0 0.526563 0.793056 0.164062 0.119444
0 0.564844 0.286111 0.156250 0.091667
0 0.610938 0.469444 0.156250 0.091667
0 0.209375 0.861111 0.156250 0.091667
0 0.801562 0.843056 0.164062 0.119444
0 0.150000 0.094444 0.156250 0.091667
0 0.117969 0.615278 0.156250 0.091667
0 0.664844 0.115278 0.156250 0.091667
0 0.817969 0.218056 0.156250 0.091667
0 0.449219 0.659722 0.164062 0.119444
0 0.704688 0.627778 0.156250 0.091667
0 0.794531 0.522222 0.156250 0.091667
0 0.908594 0.719444 0.156250 0.091667
1 0.664062 0.827805 0.120313 0.056335
1 0.625391 0.750777 0.197656 0.115859