0 0.250781 0.815278 0.264062 0.230556
0 0.384375 0.600000 0.156250 0.091667
0 0.705469 0.555556 0.156250 0.091667
0 0.339453 0.200000 0.183594 0.119444
0 0.361719 0.419444 0.156250 0.091667
0 0.626563 0.890278 0.156250 0.091667
0 0.563281 0.213889 0.156250 0.091667
0 0.878125 0.806944 0.164062 0.119444
0 0.875781 0.119444 0.156250 0.091667
0 0.695312 0.775000 0.156250 0.091667
0 0.111719 0.245833 0.156250 0.091667
0 0.826562 0.455556 0.156250 0.091667
0 0.534375 0.752778 0.164062 0.119444
0 0.788281 0.923611 0.156250 0.091667
1 0.608789 0.503472 0.442038 0.504167
1 0.706250 0.762981 0.189062 0.078741