0 0.380859 0.604167 0.255469 0.313889
0 0.791797 0.476389 0.157031 0.091667
0 0.154688 0.583333 0.156250 0.091667
0 0.857422 0.669444 0.157031 0.119444
0 0.846094 0.240278 0.156250 0.091667
0 0.685156 0.361111 0.156250 0.091667
0 0.409375 0.252778 0.164062 0.119444
0 0.714063 0.862500 0.156250 0.091667
0 0.137500 0.462500 0.156250 0.091667
0 0.762500 0.126389 0.164062 0.119444
0 0.435937 0.829167 0.156250 0.091667
0 0.635156 0.723611 0.156250 0.091667
0 0.288281 0.066667 0.156250 0.091667
0 0.575781 0.147222 0.164062 0.119444
0 0.157812 0.687500 0.156250 0.091667
0 0.106250 0.801389 0.156250 0.091667
0 0.091406 0.243056 0.156250 0.091667
0 0.611719 0.625000 0.156250 0.091667
1 0.633398 0.461111 0.328982 0.313889
1 0.585938 0.197875 0.198437 0.100918
1 0.809961 0.397917 0.083419 0.440278