0 0.507422 0.381944 0.255469 0.313889
0 0.625391 0.676389 0.157031 0.091667
0 0.885156 0.895833 0.156250 0.091667
0 0.145703 0.818056 0.157031 0.119444
0 0.111719 0.483333 0.156250 0.091667
0 0.461719 0.586111 0.156250 0.091667
0 0.230469 0.654167 0.164062 0.119444
0 0.892188 0.681944 0.156250 0.091667
0 0.464062 0.918056 0.156250 0.091667
0 0.725000 0.225000 0.164062 0.119444
0 0.718750 0.500000 0.156250 0.091667
0 0.875781 0.394444 0.156250 0.091667
0 0.707031 0.919444 0.156250 0.091667
0 0.529687 0.808333 0.164062 0.119444
0 0.439844 0.144444 0.156250 0.091667
0 0.267188 0.268056 0.156250 0.091667
0 0.891406 0.298611 0.156250 0.091667
0 0.109375 0.063889 0.156250 0.091667
1 0.188086 0.736111 0.032362 0.061111
1 0.477734 0.439583 0.366270 0.326389
1 0.435352 0.521528 0.471998 0.490278