0 0.612500 0.813889 0.323437 0.258333
0 0.246875 0.322222 0.156250 0.091667
0 0.390625 0.193056 0.156250 0.091667
0 0.188281 0.208333 0.156250 0.091667
0 0.349219 0.745833 0.156250 0.091667
0 0.103906 0.436111 0.156250 0.119444
0 0.415625 0.483333 0.156250 0.091667
0 0.798438 0.262500 0.156250 0.091667
0 0.694531 0.590278 0.156250 0.091667
0 0.613281 0.413889 0.156250 0.119444
0 0.190625 0.813889 0.156250 0.091667
0 0.599219 0.240278 0.156250 0.091667
0 0.183594 0.626389 0.156250 0.091667
0 0.362109 0.875000 0.167969 0.091667
0 0.582031 0.109722 0.156250 0.119444
0 0.859766 0.530556 0.157031 0.119444
0 0.864062 0.904167 0.156250 0.091667
1 0.358594 0.448918 0.362500 0.079908
1 0.600705 0.261806 0.034450 0.201389
1 0.720898 0.320139 0.208280 0.318056