0 0.285156 0.741667 0.323437 0.258333
0 0.906250 0.230556 0.156250 0.091667
0 0.495312 0.475000 0.156250 0.091667
0 0.217969 0.061111 0.156250 0.091667
0 0.181250 0.330556 0.156250 0.091667
0 0.863281 0.801389 0.156250 0.119444
0 0.612500 0.222222 0.156250 0.091667
0 0.489063 0.098611 0.156250 0.091667
0 0.625000 0.911111 0.156250 0.091667
0 0.709375 0.545833 0.156250 0.119444
0 0.865625 0.691667 0.156250 0.091667
0 0.553906 0.777778 0.156250 0.091667
0 0.671875 0.341667 0.156250 0.091667
0 0.360547 0.377778 0.167969 0.091667
0 0.090625 0.502778 0.156250 0.119444
0 0.913672 0.537500 0.157031 0.119444
0 0.879687 0.413889 0.156250 0.091667
1 0.786328 0.673611 0.091347 0.152778
1 0.400000 0.504595 0.471875 0.088271
1 0.501953 0.540872 0.675781 0.086264