0 0.411328 0.487500 0.233594 0.286111
0 0.672656 0.415278 0.156250 0.091667
0 0.490625 0.913889 0.156250 0.091667
0 0.398438 0.236111 0.156250 0.091667
0 0.578125 0.094444 0.156250 0.091667
0 0.761719 0.587500 0.156250 0.119444
0 0.160938 0.891667 0.156250 0.091667
0 0.750000 0.780556 0.156250 0.091667
0 0.189062 0.175000 0.156250 0.091667
0 0.232813 0.063889 0.156250 0.091667
0 0.187500 0.515278 0.156250 0.119444
0 0.714063 0.298611 0.156250 0.091667
0 0.328906 0.868056 0.156250 0.091667
0 0.800000 0.077778 0.156250 0.119444
0 0.161719 0.666667 0.156250 0.091667
0 0.896094 0.416667 0.156250 0.119444
0 0.910937 0.912500 0.156250 0.091667
0 0.210938 0.352778 0.156250 0.091667
1 0.474609 0.536823 0.427344 0.098369
1 0.848047 0.247222 0.071600 0.236111