0 0.742969 0.772222 0.259375 0.258333
0 0.100000 0.136111 0.156250 0.091667
0 0.768750 0.531944 0.156250 0.091667
0 0.338281 0.127778 0.156250 0.091667
0 0.786719 0.283333 0.156250 0.119444
0 0.336719 0.747222 0.156250 0.091667
0 0.579688 0.461111 0.156250 0.091667
0 0.162500 0.354167 0.156250 0.119444
0 0.172656 0.508333 0.156250 0.091667
0 0.339062 0.318056 0.156250 0.091667
0 0.570312 0.333333 0.156250 0.119444
0 0.893750 0.398611 0.156250 0.091667
0 0.748437 0.095833 0.156250 0.091667
0 0.392188 0.909722 0.156250 0.091667
1 0.474609 0.333196 0.477344 0.098661
1 0.678516 0.303787 0.069531 0.039658