0 0.208984 0.361111 0.255469 0.313889
0 0.773047 0.065278 0.157031 0.091667
0 0.435156 0.295833 0.156250 0.091667
0 0.391016 0.865278 0.157031 0.119444
0 0.445312 0.400000 0.156250 0.091667
0 0.284375 0.579167 0.156250 0.091667
0 0.479687 0.675000 0.164062 0.119444
0 0.750000 0.781944 0.156250 0.091667
0 0.650000 0.247222 0.156250 0.091667
0 0.803906 0.465278 0.164062 0.119444
0 0.651563 0.894444 0.156250 0.091667
0 0.858594 0.172222 0.156250 0.091667
0 0.191406 0.090278 0.156250 0.091667
0 0.093750 0.773611 0.164062 0.119444
0 0.510156 0.537500 0.156250 0.091667
0 0.882031 0.293056 0.156250 0.091667
0 0.119531 0.931944 0.156250 0.091667
0 0.367188 0.091667 0.156250 0.091667
1 0.435352 0.770139 0.042384 0.087500
1 0.641797 0.570139 0.169531 0.120264
1 0.597461 0.665278 0.298972 0.297222