0 0.531250 0.215278 0.323437 0.258333
0 0.249219 0.183333 0.156250 0.091667
0 0.896875 0.820833 0.156250 0.091667
0 0.218750 0.429167 0.156250 0.091667
0 0.651563 0.559722 0.156250 0.091667
0 0.177344 0.572222 0.156250 0.119444
0 0.814063 0.422222 0.156250 0.091667
0 0.460938 0.780556 0.156250 0.091667
0 0.761719 0.662500 0.156250 0.091667
0 0.832812 0.148611 0.156250 0.119444
0 0.487500 0.613889 0.156250 0.091667
0 0.502344 0.450000 0.156250 0.091667
0 0.299219 0.752778 0.156250 0.091667
0 0.282422 0.919444 0.167969 0.091667
0 0.245312 0.320833 0.156250 0.119444
0 0.621484 0.847222 0.157031 0.119444
0 0.094531 0.890278 0.156250 0.091667
1 0.505078 0.360417 0.508594 0.339298
1 0.539062 0.234722 0.440625 0.143085
1 0.433398 0.584028 0.300189 0.423611