0 0.856641 0.355556 0.257031 0.286111
0 0.868750 0.731944 0.156250 0.091667
0 0.382031 0.255556 0.156250 0.091667
0 0.559375 0.455556 0.156250 0.091667
0 0.239063 0.637500 0.156250 0.119444
0 0.100781 0.059722 0.156250 0.091667
0 0.706250 0.551389 0.156250 0.091667
0 0.237500 0.786111 0.156250 0.091667
0 0.762500 0.077778 0.156250 0.091667
0 0.527344 0.829167 0.156250 0.119444
0 0.632031 0.300000 0.156250 0.091667
0 0.426563 0.684722 0.156250 0.091667
0 0.460156 0.130556 0.156250 0.119444
0 0.261719 0.131944 0.156250 0.091667
0 0.239063 0.904167 0.156250 0.091667
0 0.104688 0.455556 0.156250 0.119444
0 0.909375 0.868056 0.156250 0.119444
0 0.220312 0.281944 0.156250 0.091667
1 0.383203 0.733333 0.141406 0.104449
1 0.495226 0.479861 0.068028 0.595833
1 0.282422 0.293056 0.234201 0.222222
1 0.507031 0.661806 0.657813 0.349070