0 0.181250 0.488889 0.259375 0.258333
0 0.582031 0.869444 0.156250 0.091667
0 0.652344 0.606944 0.156250 0.091667
0 0.612500 0.765278 0.156250 0.091667
0 0.365625 0.093056 0.156250 0.119444
0 0.606250 0.237500 0.156250 0.091667
0 0.743750 0.073611 0.156250 0.091667
0 0.273438 0.905556 0.156250 0.119444
0 0.832031 0.455556 0.156250 0.091667
0 0.848437 0.837500 0.156250 0.091667
0 0.499219 0.490278 0.156250 0.119444
0 0.779687 0.711111 0.156250 0.091667
0 0.814063 0.194444 0.156250 0.091667
0 0.422656 0.222222 0.156250 0.091667
1 0.319531 0.499306 0.088010 0.709722
1 0.432422 0.291667 0.102797 0.294444