0 0.148047 0.536111 0.233594 0.286111
0 0.774219 0.748611 0.156250 0.091667
0 0.764062 0.193056 0.156250 0.091667
0 0.604688 0.375000 0.156250 0.091667
0 0.656250 0.604167 0.156250 0.091667
0 0.511719 0.265278 0.156250 0.119444
0 0.482812 0.704167 0.156250 0.091667
0 0.129688 0.756944 0.156250 0.091667
0 0.816406 0.545833 0.156250 0.091667
0 0.371094 0.551389 0.156250 0.091667
0 0.202344 0.286111 0.156250 0.119444
0 0.871875 0.298611 0.156250 0.091667
0 0.478125 0.094444 0.156250 0.091667
0 0.300781 0.812500 0.156250 0.119444
0 0.813281 0.938889 0.156250 0.091667
0 0.878906 0.079167 0.156250 0.119444
0 0.595313 0.804167 0.156250 0.091667
0 0.360156 0.402778 0.156250 0.091667
1 0.357031 0.257856 0.162500 0.062656
1 0.589844 0.445833 0.493336 0.630556