0 0.411719 0.745833 0.267188 0.230556
0 0.312891 0.427778 0.157031 0.091667
0 0.409375 0.155556 0.156250 0.091667
0 0.795312 0.162500 0.164062 0.119444
0 0.573438 0.197222 0.156250 0.091667
0 0.241406 0.134722 0.156250 0.091667
0 0.112500 0.802778 0.156250 0.091667
0 0.236719 0.566667 0.164062 0.119444
0 0.725000 0.604167 0.156250 0.091667
0 0.666406 0.852778 0.156250 0.091667
0 0.125781 0.930556 0.156250 0.091667
0 0.508594 0.468056 0.156250 0.091667
0 0.807031 0.712500 0.164062 0.119444
0 0.888281 0.590278 0.156250 0.091667
0 0.781250 0.477778 0.156250 0.091667
0 0.117969 0.272222 0.156250 0.091667
1 0.516016 0.364583 0.403906 0.302127
1 0.521875 0.641108 0.415625 0.123597