0 0.347266 0.702778 0.255469 0.313889
0 0.113672 0.731944 0.157031 0.091667
0 0.721875 0.188889 0.156250 0.091667
0 0.451953 0.086111 0.157031 0.119444
0 0.669531 0.530556 0.156250 0.091667
0 0.540625 0.918056 0.156250 0.091667
0 0.501563 0.423611 0.164062 0.119444
0 0.264062 0.426389 0.156250 0.091667
0 0.471094 0.280556 0.156250 0.091667
0 0.300781 0.248611 0.164062 0.119444
0 0.790625 0.883333 0.156250 0.091667
0 0.119531 0.937500 0.156250 0.091667
0 0.218750 0.077778 0.156250 0.091667
0 0.595313 0.644444 0.164062 0.119444
0 0.911719 0.341667 0.156250 0.091667
0 0.814844 0.777778 0.156250 0.091667
0 0.321094 0.929167 0.156250 0.091667
0 0.821094 0.662500 0.156250 0.091667
1 0.475572 0.254861 0.043800 0.234722
1 0.401172 0.336111 0.073115 0.072222
1 0.376367 0.167361 0.049429 0.059722