0 0.377734 0.686111 0.233594 0.286111
0 0.176563 0.163889 0.156250 0.091667
0 0.181250 0.545833 0.156250 0.091667
0 0.600000 0.875000 0.156250 0.091667
0 0.785156 0.479167 0.156250 0.091667
0 0.514844 0.468056 0.156250 0.119444
0 0.131250 0.409722 0.156250 0.091667
0 0.158594 0.287500 0.156250 0.091667
0 0.138281 0.781944 0.156250 0.091667
0 0.089063 0.655556 0.156250 0.091667
0 0.859375 0.681944 0.156250 0.119444
0 0.458594 0.277778 0.156250 0.091667
0 0.772656 0.827778 0.156250 0.091667
0 0.525781 0.115278 0.156250 0.119444
0 0.799219 0.144444 0.156250 0.091667
0 0.352344 0.426389 0.156250 0.119444
0 0.650781 0.709722 0.156250 0.091667
0 0.615625 0.244444 0.156250 0.091667
1 0.687109 0.575000 0.197656 0.133554
1 0.439063 0.270833 0.116225 0.208333