0 0.395703 0.352778 0.255469 0.313889
0 0.673047 0.116667 0.157031 0.091667
0 0.119531 0.916667 0.156250 0.091667
0 0.506641 0.904167 0.157031 0.119444
0 0.295312 0.561111 0.156250 0.091667
0 0.159375 0.381944 0.156250 0.091667
0 0.888281 0.526389 0.164062 0.119444
0 0.799219 0.926389 0.156250 0.091667
0 0.830469 0.233333 0.156250 0.091667
0 0.140625 0.776389 0.164062 0.119444
0 0.718750 0.647222 0.156250 0.091667
0 0.889062 0.781944 0.156250 0.091667
0 0.483594 0.720833 0.156250 0.091667
0 0.181250 0.090278 0.164062 0.119444
0 0.400781 0.083333 0.156250 0.091667
0 0.852344 0.416667 0.156250 0.091667
0 0.667969 0.440278 0.156250 0.091667
0 0.684375 0.825000 0.156250 0.091667
1 0.697461 0.715278 0.270350 0.275000
1 0.514453 0.651389 0.592969 0.211808
1 0.325391 0.850216 0.214844 0.107046