0 0.451953 0.623611 0.257031 0.286111
0 0.360156 0.201389 0.156250 0.091667
0 0.610938 0.301389 0.156250 0.091667
0 0.696875 0.540278 0.156250 0.091667
0 0.142187 0.534722 0.156250 0.119444
0 0.157031 0.073611 0.156250 0.091667
0 0.901563 0.308333 0.156250 0.091667
0 0.301563 0.925000 0.156250 0.091667
0 0.526563 0.197222 0.156250 0.091667
0 0.700000 0.777778 0.156250 0.119444
0 0.754687 0.669444 0.156250 0.091667
0 0.206250 0.372222 0.156250 0.091667
0 0.786719 0.906944 0.156250 0.119444
0 0.542188 0.823611 0.156250 0.091667
0 0.117188 0.865278 0.156250 0.091667
0 0.172656 0.718056 0.156250 0.119444
0 0.422656 0.419444 0.156250 0.119444
0 0.773438 0.204167 0.156250 0.091667
1 0.421094 0.656250 0.410938 0.191639
1 0.743359 0.842361 0.015902 0.026389
1 0.479687 0.812500 0.467187 0.157492
1 0.297656 0.568750 0.159375 0.195833