0 0.500391 0.273611 0.257031 0.286111
0 0.525000 0.818056 0.156250 0.091667
0 0.346094 0.856944 0.156250 0.091667
0 0.291406 0.261111 0.156250 0.091667
0 0.676562 0.480556 0.156250 0.119444
0 0.088281 0.797222 0.156250 0.091667
0 0.392969 0.545833 0.156250 0.091667
0 0.232813 0.568056 0.156250 0.091667
0 0.692187 0.651389 0.156250 0.091667
0 0.776563 0.786111 0.156250 0.119444
0 0.088281 0.906944 0.156250 0.091667
0 0.785937 0.372222 0.156250 0.091667
0 0.795312 0.193056 0.156250 0.119444
0 0.125000 0.340278 0.156250 0.091667
0 0.261719 0.709722 0.156250 0.091667
0 0.193750 0.122222 0.156250 0.119444
0 0.876563 0.502778 0.156250 0.119444
0 0.489844 0.686111 0.156250 0.091667
1 0.726562 0.633333 0.070284 0.202778
1 0.797794 0.489583 0.048063 0.490278
1 0.494531 0.143031 0.454688 0.098318
1 0.535156 0.312500 0.535937 0.310139