0 0.566797 0.654167 0.255469 0.313889
0 0.748047 0.134722 0.157031 0.091667
0 0.285938 0.616667 0.156250 0.091667
0 0.834766 0.780556 0.157031 0.119444
0 0.146875 0.506944 0.156250 0.091667
0 0.457031 0.319444 0.156250 0.091667
0 0.512500 0.175000 0.164062 0.119444
0 0.324219 0.831944 0.156250 0.091667
0 0.895312 0.368056 0.156250 0.091667
0 0.196094 0.304167 0.164062 0.119444
0 0.807813 0.612500 0.156250 0.091667
0 0.297656 0.155556 0.156250 0.091667
0 0.875000 0.484722 0.156250 0.091667
0 0.821875 0.251389 0.164062 0.119444
0 0.648438 0.398611 0.156250 0.091667
0 0.422656 0.450000 0.156250 0.091667
0 0.130469 0.126389 0.156250 0.091667
0 0.832812 0.901389 0.156250 0.091667
1 0.673633 0.477778 0.268074 0.502778
1 0.354297 0.234819 0.161719 0.088387
1 0.516205 0.542940 0.489465 0.374768