0 0.593359 0.402778 0.233594 0.286111
0 0.426563 0.184722 0.156250 0.091667
0 0.721094 0.876389 0.156250 0.091667
0 0.451562 0.786111 0.156250 0.091667
0 0.437500 0.073611 0.156250 0.091667
0 0.232031 0.741667 0.156250 0.119444
0 0.758594 0.112500 0.156250 0.091667
0 0.545312 0.609722 0.156250 0.091667
0 0.167969 0.881944 0.156250 0.091667
0 0.631250 0.783333 0.156250 0.091667
0 0.221875 0.391667 0.156250 0.119444
0 0.245312 0.537500 0.156250 0.091667
0 0.332031 0.920833 0.156250 0.091667
0 0.709375 0.616667 0.156250 0.119444
0 0.879687 0.820833 0.156250 0.091667
0 0.854688 0.222222 0.156250 0.119444
0 0.199219 0.080556 0.156250 0.091667
0 0.384375 0.411111 0.156250 0.091667
1 0.235007 0.566667 0.032173 0.247222
1 0.782031 0.419444 0.110684 0.291667