0 0.647656 0.566667 0.264062 0.230556
0 0.722656 0.394444 0.156250 0.091667
0 0.803906 0.820833 0.156250 0.091667
0 0.183984 0.245833 0.183594 0.119444
0 0.468750 0.737500 0.156250 0.091667
0 0.253125 0.801389 0.156250 0.091667
0 0.652344 0.252778 0.156250 0.091667
0 0.097656 0.498611 0.164062 0.119444
0 0.523438 0.133333 0.156250 0.091667
0 0.094531 0.723611 0.156250 0.091667
0 0.312500 0.451389 0.156250 0.091667
0 0.325000 0.066667 0.156250 0.091667
0 0.528906 0.373611 0.164062 0.119444
0 0.701562 0.070833 0.156250 0.091667
1 0.140820 0.372222 0.054911 0.150000
1 0.313281 0.444165 0.276562 0.110221