0 0.224609 0.637500 0.257031 0.286111
0 0.777344 0.920833 0.156250 0.091667
0 0.309375 0.437500 0.156250 0.091667
0 0.592187 0.730556 0.156250 0.091667
0 0.284375 0.862500 0.156250 0.119444
0 0.490625 0.327778 0.156250 0.091667
0 0.912500 0.141667 0.156250 0.091667
0 0.766406 0.780556 0.156250 0.091667
0 0.524219 0.883333 0.156250 0.091667
0 0.223438 0.293056 0.156250 0.119444
0 0.600781 0.218056 0.156250 0.091667
0 0.675000 0.462500 0.156250 0.091667
0 0.338281 0.170833 0.156250 0.119444
0 0.731250 0.062500 0.156250 0.091667
0 0.471875 0.583333 0.156250 0.091667
0 0.156250 0.172222 0.156250 0.119444
0 0.770312 0.319444 0.156250 0.119444
0 0.770312 0.569444 0.156250 0.091667
1 0.257217 0.577778 0.064152 0.466667
1 0.280859 0.231944 0.011985 0.019444
1 0.247266 0.168139 0.035156 0.023640
1 0.463281 0.245922 0.467187 0.126604