0 0.675000 0.531944 0.323437 0.258333
0 0.810937 0.330556 0.156250 0.091667
0 0.196094 0.856944 0.156250 0.091667
0 0.496094 0.737500 0.156250 0.091667
0 0.160938 0.172222 0.156250 0.091667
0 0.831250 0.213889 0.156250 0.119444
0 0.228906 0.566667 0.156250 0.091667
0 0.164844 0.715278 0.156250 0.091667
0 0.464062 0.902778 0.156250 0.091667
0 0.911719 0.755556 0.156250 0.119444
0 0.290625 0.447222 0.156250 0.091667
0 0.489844 0.093056 0.156250 0.091667
0 0.588281 0.323611 0.156250 0.091667
0 0.681641 0.927778 0.167969 0.091667
0 0.696875 0.737500 0.156250 0.119444
0 0.324609 0.115278 0.157031 0.119444
0 0.204687 0.279167 0.156250 0.091667
1 0.871484 0.484722 0.072099 0.438889
1 0.804297 0.739946 0.067969 0.034754
1 0.510742 0.426389 0.310179 0.519444