0 0.732422 0.669444 0.233594 0.286111
0 0.783594 0.250000 0.156250 0.091667
0 0.798438 0.088889 0.156250 0.091667
0 0.889062 0.411111 0.156250 0.091667
0 0.454688 0.304167 0.156250 0.091667
0 0.319531 0.450000 0.156250 0.119444
0 0.125781 0.179167 0.156250 0.091667
0 0.539062 0.409722 0.156250 0.091667
0 0.155469 0.606944 0.156250 0.091667
0 0.207813 0.808333 0.156250 0.091667
0 0.328906 0.073611 0.156250 0.119444
0 0.723437 0.452778 0.156250 0.091667
0 0.492969 0.545833 0.156250 0.091667
0 0.476562 0.901389 0.156250 0.119444
0 0.296094 0.211111 0.156250 0.091667
0 0.509375 0.127778 0.156250 0.119444
0 0.149219 0.370833 0.156250 0.091667
0 0.350781 0.661111 0.156250 0.091667
1 0.333459 0.261806 0.034255 0.273611
1 0.501613 0.514583 0.054410 0.670833