0 0.401953 0.208333 0.255469 0.313889
0 0.714453 0.416667 0.157031 0.091667
0 0.432812 0.661111 0.156250 0.091667
0 0.169922 0.430556 0.157031 0.119444
0 0.715625 0.572222 0.156250 0.091667
0 0.888281 0.276389 0.156250 0.091667
0 0.102344 0.181944 0.164062 0.119444
0 0.360156 0.798611 0.156250 0.091667
0 0.119531 0.862500 0.156250 0.091667
0 0.432812 0.519444 0.164062 0.119444
0 0.614844 0.827778 0.156250 0.091667
0 0.799219 0.738889 0.156250 0.091667
0 0.884375 0.083333 0.156250 0.091667
0 0.199219 0.672222 0.164062 0.119444
0 0.882031 0.604167 0.156250 0.091667
0 0.641406 0.281944 0.156250 0.091667
0 0.821094 0.880556 0.156250 0.091667
0 0.703125 0.073611 0.156250 0.091667
1 0.136133 0.306250 0.044485 0.145833
1 0.267578 0.350694 0.222888 0.234722
1 0.299609 0.469411 0.111719 0.061261