0 0.732812 0.144444 0.323437 0.258333
0 0.382031 0.136111 0.156250 0.091667
0 0.443750 0.558333 0.156250 0.091667
0 0.835938 0.494444 0.156250 0.091667
0 0.395313 0.748611 0.156250 0.091667
0 0.784375 0.890278 0.156250 0.119444
0 0.118750 0.698611 0.156250 0.091667
0 0.742188 0.379167 0.156250 0.091667
0 0.446094 0.379167 0.156250 0.091667
0 0.220312 0.272222 0.156250 0.119444
0 0.259375 0.925000 0.156250 0.091667
0 0.127344 0.437500 0.156250 0.091667
0 0.153906 0.805556 0.156250 0.091667
0 0.641016 0.512500 0.167969 0.091667
0 0.450781 0.920833 0.156250 0.119444
0 0.191016 0.102778 0.157031 0.119444
0 0.689844 0.769444 0.156250 0.091667
1 0.502344 0.581250 0.464428 0.515278
1 0.335547 0.596528 0.197402 0.545833
1 0.320898 0.511806 0.231212 0.715278