0 0.313281 0.625000 0.323437 0.258333
0 0.729688 0.451389 0.156250 0.091667
0 0.477344 0.361111 0.156250 0.091667
0 0.518750 0.118056 0.156250 0.091667
0 0.800781 0.622222 0.156250 0.091667
0 0.759375 0.316667 0.156250 0.119444
0 0.886719 0.511111 0.156250 0.091667
0 0.121094 0.068056 0.156250 0.091667
0 0.257031 0.240278 0.156250 0.091667
0 0.504687 0.254167 0.156250 0.119444
0 0.295312 0.340278 0.156250 0.091667
0 0.840625 0.138889 0.156250 0.091667
0 0.221094 0.926389 0.156250 0.091667
0 0.712109 0.748611 0.167969 0.091667
0 0.471875 0.859722 0.156250 0.119444
0 0.904297 0.897222 0.157031 0.119444
0 0.353906 0.106944 0.156250 0.091667
1 0.632031 0.278331 0.107813 0.054995
1 0.479313 0.556944 0.053651 0.502778
1 0.687891 0.900221 0.285156 0.084114