0 0.608203 0.161111 0.257031 0.286111
0 0.500000 0.391667 0.156250 0.091667
0 0.690625 0.565278 0.156250 0.091667
0 0.131250 0.776389 0.156250 0.091667
0 0.135156 0.083333 0.156250 0.119444
0 0.561719 0.773611 0.156250 0.091667
0 0.787500 0.747222 0.156250 0.091667
0 0.853906 0.259722 0.156250 0.091667
0 0.115625 0.418056 0.156250 0.091667
0 0.310156 0.316667 0.156250 0.119444
0 0.799219 0.858333 0.156250 0.091667
0 0.098437 0.305556 0.156250 0.091667
0 0.262500 0.926389 0.156250 0.119444
0 0.493750 0.670833 0.156250 0.091667
0 0.160156 0.611111 0.156250 0.091667
0 0.744531 0.404167 0.156250 0.119444
0 0.332813 0.606944 0.156250 0.119444
0 0.880469 0.579167 0.156250 0.091667
1 0.222656 0.200000 0.094792 0.130556
1 0.280432 0.621528 0.059488 0.506944
1 0.503516 0.665278 0.381154 0.419444
1 0.538672 0.505556 0.264844 0.142489