0 0.518750 0.679167 0.267188 0.230556
0 0.494141 0.125000 0.157031 0.091667
0 0.546094 0.916667 0.156250 0.091667
0 0.505469 0.275000 0.164062 0.119444
0 0.215625 0.854167 0.156250 0.091667
0 0.713281 0.202778 0.156250 0.091667
0 0.775000 0.737500 0.156250 0.091667
0 0.771875 0.580556 0.164062 0.119444
0 0.634375 0.456944 0.156250 0.091667
0 0.305469 0.729167 0.156250 0.091667
0 0.314844 0.454167 0.156250 0.091667
0 0.120313 0.437500 0.156250 0.091667
0 0.846875 0.430556 0.164062 0.119444
0 0.781250 0.888889 0.156250 0.091667
0 0.101562 0.570833 0.156250 0.091667
0 0.157031 0.095833 0.156250 0.091667
1 0.638672 0.427778 0.171641 0.202778
1 0.809375 0.505556 0.024653 0.047222