0 0.866797 0.827778 0.157031 0.119444
0 0.378125 0.529167 0.156250 0.091667
0 0.195312 0.652778 0.156250 0.091667
0 0.364063 0.347222 0.156250 0.091667
0 0.477344 0.793056 0.265625 0.119444
0 0.337500 0.231944 0.156250 0.091667
0 0.154688 0.127778 0.156250 0.091667
0 0.849219 0.559722 0.265625 0.119444
0 0.593750 0.288889 0.156250 0.091667
0 0.510938 0.916667 0.156250 0.091667
0 0.607812 0.112500 0.156250 0.091667
0 0.820312 0.322222 0.265625 0.119444
0 0.668750 0.922222 0.156250 0.091667
0 0.130469 0.430556 0.156250 0.091667
0 0.102344 0.933333 0.156250 0.091667