0 0.200781 0.451389 0.323437 0.258333
0 0.089844 0.066667 0.156250 0.091667
0 0.735938 0.845833 0.156250 0.091667
0 0.564844 0.719444 0.156250 0.091667
0 0.510156 0.098611 0.156250 0.091667
0 0.737500 0.661111 0.156250 0.119444
0 0.563281 0.193056 0.156250 0.091667
0 0.476562 0.308333 0.156250 0.091667
0 0.736719 0.272222 0.156250 0.091667
0 0.338281 0.716667 0.156250 0.119444
0 0.852344 0.488889 0.156250 0.091667
0 0.851562 0.129167 0.156250 0.091667
0 0.447656 0.551389 0.156250 0.091667
0 0.339453 0.826389 0.167969 0.091667
0 0.677344 0.537500 0.156250 0.119444
0 0.143359 0.183333 0.157031 0.119444
0 0.850000 0.391667 0.156250 0.091667
1 0.537891 0.669649 0.252344 0.088959
1 0.507812 0.627308 0.192188 0.113717
1 0.410547 0.360546 0.386719 0.266941