0 0.742969 0.154167 0.267188 0.230556
0 0.572266 0.441667 0.157031 0.091667
0 0.210156 0.387500 0.156250 0.091667
0 0.728906 0.681944 0.164062 0.119444
0 0.600781 0.320833 0.156250 0.091667
0 0.910156 0.795833 0.156250 0.091667
0 0.292969 0.225000 0.156250 0.091667
0 0.384375 0.911111 0.164062 0.119444
0 0.150781 0.859722 0.156250 0.091667
0 0.558594 0.627778 0.156250 0.091667
0 0.182031 0.606944 0.156250 0.091667
0 0.396875 0.573611 0.156250 0.091667
0 0.884375 0.441667 0.164062 0.119444
0 0.637500 0.937500 0.156250 0.091667
0 0.186719 0.748611 0.156250 0.091667
0 0.127344 0.258333 0.156250 0.091667
1 0.556641 0.796528 0.189844 0.136706
1 0.634375 0.676389 0.382156 0.366667