0 0.441406 0.515278 0.323437 0.258333
0 0.120313 0.101389 0.156250 0.091667
0 0.419531 0.743056 0.156250 0.091667
0 0.597656 0.076389 0.156250 0.091667
0 0.118750 0.398611 0.156250 0.091667
0 0.813281 0.273611 0.156250 0.119444
0 0.889844 0.836111 0.156250 0.091667
0 0.085938 0.648611 0.156250 0.091667
0 0.327344 0.313889 0.156250 0.091667
0 0.489063 0.865278 0.156250 0.119444
0 0.793750 0.680556 0.156250 0.091667
0 0.125781 0.913889 0.156250 0.091667
0 0.835156 0.431944 0.156250 0.091667
0 0.586328 0.755556 0.167969 0.091667
0 0.491406 0.273611 0.156250 0.119444
0 0.088672 0.254167 0.157031 0.119444
0 0.289844 0.919444 0.156250 0.091667
1 0.651172 0.569444 0.268141 0.488889
1 0.505391 0.569444 0.041560 0.488889
1 0.290234 0.239101 0.255469 0.078143