0 0.566797 0.501389 0.257031 0.286111
0 0.411719 0.163889 0.156250 0.091667
0 0.508594 0.287500 0.156250 0.091667
0 0.912500 0.641667 0.156250 0.091667
0 0.235937 0.411111 0.156250 0.119444
0 0.830469 0.341667 0.156250 0.091667
0 0.297656 0.633333 0.156250 0.091667
0 0.223438 0.811111 0.156250 0.091667
0 0.437500 0.906944 0.156250 0.091667
0 0.134375 0.277778 0.156250 0.119444
0 0.254688 0.076389 0.156250 0.091667
0 0.344531 0.284722 0.156250 0.091667
0 0.731250 0.709722 0.156250 0.119444
0 0.515625 0.704167 0.156250 0.091667
0 0.890625 0.743056 0.156250 0.091667
0 0.714063 0.844444 0.156250 0.119444
0 0.881250 0.855556 0.156250 0.119444
0 0.457031 0.808333 0.156250 0.091667
1 0.185156 0.344444 0.019954 0.030556
1 0.432812 0.493750 0.450000 0.335537
1 0.722499 0.777083 0.011639 0.031944
1 0.797656 0.851277 0.020313 0.019947