0 0.726562 0.734722 0.323437 0.258333
0 0.225781 0.637500 0.156250 0.091667
0 0.502344 0.502778 0.156250 0.091667
0 0.234375 0.404167 0.156250 0.091667
0 0.762500 0.526389 0.156250 0.091667
0 0.318750 0.826389 0.156250 0.119444
0 0.672656 0.934722 0.156250 0.091667
0 0.609375 0.180556 0.156250 0.091667
0 0.225781 0.295833 0.156250 0.091667
0 0.422656 0.151389 0.156250 0.119444
0 0.525781 0.401389 0.156250 0.091667
0 0.194531 0.144444 0.156250 0.091667
0 0.893750 0.070833 0.156250 0.091667
0 0.694141 0.398611 0.167969 0.091667
0 0.773438 0.209722 0.156250 0.119444
0 0.251953 0.512500 0.157031 0.119444
0 0.401562 0.712500 0.156250 0.091667
1 0.370703 0.488889 0.094895 0.572222
1 0.598047 0.198406 0.203906 0.084716
1 0.512891 0.360998 0.374219 0.228498