0 0.307812 0.408333 0.323437 0.258333
0 0.798438 0.673611 0.156250 0.091667
0 0.353125 0.751389 0.156250 0.091667
0 0.359375 0.091667 0.156250 0.091667
0 0.827344 0.816667 0.156250 0.091667
0 0.157812 0.706944 0.156250 0.119444
0 0.622656 0.861111 0.156250 0.091667
0 0.365625 0.220833 0.156250 0.091667
0 0.498437 0.618056 0.156250 0.091667
0 0.804688 0.434722 0.156250 0.119444
0 0.106250 0.125000 0.156250 0.091667
0 0.560937 0.129167 0.156250 0.091667
0 0.670312 0.316667 0.156250 0.091667
0 0.126172 0.597222 0.167969 0.091667
0 0.611719 0.511111 0.156250 0.119444
0 0.885547 0.093056 0.157031 0.119444
0 0.897656 0.276389 0.156250 0.091667
1 0.481250 0.570833 0.500000 0.223135
1 0.708203 0.471655 0.046094 0.033726
1 0.748633 0.302083 0.204967 0.315278