0 0.650391 0.601389 0.157031 0.119444
0 0.445312 0.170833 0.156250 0.091667
0 0.178125 0.890278 0.156250 0.091667
0 0.305469 0.547222 0.156250 0.091667
0 0.719531 0.162500 0.265625 0.119444
0 0.130469 0.077778 0.156250 0.091667
0 0.482812 0.897222 0.156250 0.091667
0 0.748437 0.391667 0.265625 0.119444
0 0.241406 0.297222 0.156250 0.091667
0 0.346094 0.787500 0.156250 0.091667
0 0.203125 0.191667 0.156250 0.091667
0 0.177344 0.405556 0.265625 0.119444
0 0.832812 0.534722 0.156250 0.091667
0 0.257031 0.690278 0.156250 0.091667
0 0.810937 0.638889 0.156250 0.091667