0 0.473047 0.622222 0.233594 0.286111
0 0.791406 0.320833 0.156250 0.091667
0 0.171875 0.273611 0.156250 0.091667
0 0.689844 0.698611 0.156250 0.091667
0 0.270313 0.527778 0.156250 0.091667
0 0.292187 0.862500 0.156250 0.119444
0 0.559375 0.873611 0.156250 0.091667
0 0.734375 0.573611 0.156250 0.091667
0 0.807031 0.463889 0.156250 0.091667
0 0.575781 0.131944 0.156250 0.091667
0 0.439844 0.355556 0.156250 0.119444
0 0.120313 0.177778 0.156250 0.091667
0 0.910156 0.709722 0.156250 0.091667
0 0.128906 0.844444 0.156250 0.119444
0 0.630469 0.305556 0.156250 0.091667
0 0.875781 0.825000 0.156250 0.119444
0 0.200000 0.694444 0.156250 0.091667
0 0.105469 0.451389 0.156250 0.091667
1 0.366016 0.609028 0.122241 0.404167
1 0.502344 0.858653 0.600000 0.079905