0 0.662891 0.187500 0.255469 0.313889
0 0.246484 0.601389 0.157031 0.091667
0 0.336719 0.831944 0.156250 0.091667
0 0.569141 0.627778 0.157031 0.119444
0 0.653125 0.752778 0.156250 0.091667
0 0.890625 0.331944 0.156250 0.091667
0 0.281250 0.123611 0.164062 0.119444
0 0.749219 0.516667 0.156250 0.091667
0 0.909375 0.231944 0.156250 0.091667
0 0.448437 0.406944 0.164062 0.119444
0 0.664062 0.863889 0.156250 0.091667
0 0.765625 0.656944 0.156250 0.091667
0 0.103906 0.727778 0.156250 0.091667
0 0.871875 0.880556 0.164062 0.119444
0 0.407031 0.691667 0.156250 0.091667
0 0.142187 0.298611 0.156250 0.091667
0 0.109375 0.393056 0.156250 0.091667
0 0.610938 0.393056 0.156250 0.091667
1 0.425195 0.375694 0.229060 0.401389
1 0.364844 0.265278 0.106081 0.180556
1 0.508789 0.517361 0.064792 0.118056