0 0.294141 0.415278 0.233594 0.286111
0 0.768750 0.188889 0.156250 0.091667
0 0.815625 0.077778 0.156250 0.091667
0 0.474219 0.216667 0.156250 0.091667
0 0.782813 0.620833 0.156250 0.091667
0 0.389062 0.622222 0.156250 0.119444
0 0.735156 0.518056 0.156250 0.091667
0 0.423438 0.895833 0.156250 0.091667
0 0.546094 0.537500 0.156250 0.091667
0 0.712500 0.938889 0.156250 0.091667
0 0.757812 0.354167 0.156250 0.119444
0 0.306250 0.797222 0.156250 0.091667
0 0.526563 0.345833 0.156250 0.091667
0 0.090625 0.888889 0.156250 0.119444
0 0.799219 0.795833 0.156250 0.091667
0 0.371875 0.094444 0.156250 0.119444
0 0.617969 0.693056 0.156250 0.091667
0 0.161719 0.208333 0.156250 0.091667
1 0.573438 0.488194 0.221875 0.171139
1 0.231250 0.491667 0.248339 0.691667