0 0.456641 0.309722 0.257031 0.286111
0 0.846094 0.263889 0.156250 0.091667
0 0.352344 0.752778 0.156250 0.091667
0 0.413281 0.511111 0.156250 0.091667
0 0.626563 0.831944 0.156250 0.119444
0 0.691406 0.487500 0.156250 0.091667
0 0.764062 0.133333 0.156250 0.091667
0 0.112500 0.397222 0.156250 0.091667
0 0.193750 0.291667 0.156250 0.091667
0 0.880469 0.734722 0.156250 0.119444
0 0.114062 0.506944 0.156250 0.091667
0 0.379688 0.893056 0.156250 0.091667
0 0.860156 0.530556 0.156250 0.119444
0 0.110156 0.111111 0.156250 0.091667
0 0.438281 0.650000 0.156250 0.091667
0 0.717969 0.686111 0.156250 0.119444
0 0.605469 0.093056 0.156250 0.119444
0 0.800000 0.902778 0.156250 0.091667
1 0.753516 0.787006 0.107031 0.061405
1 0.871779 0.632639 0.020738 0.101389
1 0.789062 0.608333 0.042383 0.052778
1 0.661719 0.389583 0.099217 0.490278