0 0.520703 0.586111 0.233594 0.286111
0 0.098437 0.101389 0.156250 0.091667
0 0.678125 0.940278 0.156250 0.091667
0 0.894531 0.769444 0.156250 0.091667
0 0.509375 0.834722 0.156250 0.091667
0 0.126562 0.841667 0.156250 0.119444
0 0.682813 0.845833 0.156250 0.091667
0 0.508594 0.227778 0.156250 0.091667
0 0.722656 0.233333 0.156250 0.091667
0 0.268750 0.211111 0.156250 0.091667
0 0.743750 0.456944 0.156250 0.119444
0 0.296094 0.490278 0.156250 0.091667
0 0.309375 0.316667 0.156250 0.091667
0 0.210938 0.608333 0.156250 0.119444
0 0.352344 0.911111 0.156250 0.091667
0 0.728125 0.695833 0.156250 0.119444
0 0.839844 0.872222 0.156250 0.091667
0 0.139844 0.381944 0.156250 0.091667
1 0.435156 0.649306 0.470313 0.303991
1 0.469531 0.664470 0.370312 0.102505