0 0.518359 0.384722 0.257031 0.286111
0 0.764062 0.259722 0.156250 0.091667
0 0.411719 0.586111 0.156250 0.091667
0 0.149219 0.712500 0.156250 0.091667
0 0.208594 0.475000 0.156250 0.119444
0 0.148438 0.298611 0.156250 0.091667
0 0.807813 0.494444 0.156250 0.091667
0 0.311719 0.090278 0.156250 0.091667
0 0.569531 0.083333 0.156250 0.091667
0 0.672656 0.829167 0.156250 0.119444
0 0.268750 0.190278 0.156250 0.091667
0 0.841406 0.595833 0.156250 0.091667
0 0.875000 0.131944 0.156250 0.119444
0 0.845313 0.870833 0.156250 0.091667
0 0.795312 0.700000 0.156250 0.091667
0 0.449219 0.915278 0.156250 0.119444
0 0.403125 0.766667 0.156250 0.119444
0 0.756250 0.376389 0.156250 0.091667
1 0.440625 0.652083 0.317188 0.251585
1 0.773828 0.480556 0.177054 0.594444
1 0.662109 0.523611 0.370232 0.680556
1 0.426172 0.840972 0.018421 0.045833