0 0.697266 0.334722 0.257031 0.286111
0 0.125000 0.901389 0.156250 0.091667
0 0.750781 0.125000 0.156250 0.091667
0 0.725000 0.731944 0.156250 0.091667
0 0.340625 0.308333 0.156250 0.119444
0 0.179688 0.270833 0.156250 0.091667
0 0.300781 0.697222 0.156250 0.091667
0 0.217188 0.088889 0.156250 0.091667
0 0.533594 0.072222 0.156250 0.091667
0 0.650000 0.608333 0.156250 0.119444
0 0.161719 0.548611 0.156250 0.091667
0 0.368750 0.444444 0.156250 0.091667
0 0.334375 0.583333 0.156250 0.119444
0 0.910156 0.823611 0.156250 0.091667
0 0.549219 0.727778 0.156250 0.091667
0 0.149219 0.400000 0.156250 0.119444
0 0.569531 0.913889 0.156250 0.119444
0 0.813281 0.622222 0.156250 0.091667
1 0.495312 0.458333 0.195573 0.197222
1 0.492188 0.577739 0.168750 0.065479
1 0.241797 0.491667 0.073899 0.080556
1 0.359375 0.656944 0.331993 0.411111