0 0.637891 0.705556 0.257031 0.286111
0 0.142187 0.527778 0.156250 0.091667
0 0.810156 0.123611 0.156250 0.091667
0 0.882031 0.618056 0.156250 0.091667
0 0.419531 0.161111 0.156250 0.119444
0 0.722656 0.343056 0.156250 0.091667
0 0.403125 0.833333 0.156250 0.091667
0 0.157812 0.831944 0.156250 0.091667
0 0.138281 0.419444 0.156250 0.091667
0 0.125000 0.169444 0.156250 0.119444
0 0.633594 0.240278 0.156250 0.091667
0 0.307812 0.298611 0.156250 0.091667
0 0.912500 0.466667 0.156250 0.119444
0 0.539844 0.381944 0.156250 0.091667
0 0.403125 0.655556 0.156250 0.091667
0 0.816406 0.926389 0.156250 0.119444
0 0.326562 0.533333 0.156250 0.119444
0 0.350000 0.937500 0.156250 0.091667
1 0.272266 0.147818 0.147656 0.055498
1 0.518750 0.318056 0.640625 0.254916
1 0.864453 0.696528 0.080502 0.356944
1 0.571484 0.729861 0.350362 0.290278