0 0.423047 0.758333 0.233594 0.286111
0 0.304688 0.309722 0.156250 0.091667
0 0.863281 0.777778 0.156250 0.091667
0 0.610156 0.255556 0.156250 0.091667
0 0.371094 0.163889 0.156250 0.091667
0 0.119531 0.788889 0.156250 0.119444
0 0.721094 0.565278 0.156250 0.091667
0 0.550000 0.147222 0.156250 0.091667
0 0.792188 0.158333 0.156250 0.091667
0 0.449219 0.452778 0.156250 0.091667
0 0.126562 0.094444 0.156250 0.119444
0 0.144531 0.408333 0.156250 0.091667
0 0.113281 0.587500 0.156250 0.091667
0 0.789062 0.436111 0.156250 0.119444
0 0.639844 0.847222 0.156250 0.091667
0 0.694531 0.711111 0.156250 0.119444
0 0.910937 0.931944 0.156250 0.091667
0 0.777344 0.298611 0.156250 0.091667
1 0.137214 0.441667 0.043531 0.591667
1 0.741797 0.573611 0.062847 0.172222