0 0.504687 0.763889 0.267188 0.230556
0 0.122266 0.356944 0.157031 0.091667
0 0.334375 0.433333 0.156250 0.091667
0 0.851562 0.763889 0.164062 0.119444
0 0.198437 0.665278 0.156250 0.091667
0 0.544531 0.319444 0.156250 0.091667
0 0.806250 0.637500 0.156250 0.091667
0 0.582812 0.461111 0.164062 0.119444
0 0.129688 0.926389 0.156250 0.091667
0 0.353125 0.162500 0.156250 0.091667
0 0.853125 0.191667 0.156250 0.091667
0 0.855469 0.483333 0.156250 0.091667
0 0.183594 0.150000 0.164062 0.119444
0 0.271875 0.547222 0.156250 0.091667
0 0.519531 0.062500 0.156250 0.091667
0 0.306250 0.263889 0.156250 0.091667
1 0.717187 0.612500 0.172104 0.200000
1 0.383203 0.305556 0.255322 0.208333