0 0.206250 0.277778 0.323437 0.258333
0 0.207031 0.587500 0.156250 0.091667
0 0.486719 0.268056 0.156250 0.091667
0 0.436719 0.713889 0.156250 0.091667
0 0.432812 0.516667 0.156250 0.091667
0 0.392188 0.084722 0.156250 0.119444
0 0.278125 0.855556 0.156250 0.091667
0 0.911719 0.697222 0.156250 0.091667
0 0.807813 0.488889 0.156250 0.091667
0 0.650781 0.913889 0.156250 0.119444
0 0.840625 0.877778 0.156250 0.091667
0 0.598437 0.455556 0.156250 0.091667
0 0.808594 0.137500 0.156250 0.091667
0 0.908203 0.597222 0.167969 0.091667
0 0.551562 0.130556 0.156250 0.119444
0 0.595703 0.781944 0.157031 0.119444
0 0.468750 0.618056 0.156250 0.091667
1 0.521484 0.499306 0.230717 0.726389
1 0.601172 0.522222 0.093465 0.680556
1 0.567132 0.456250 0.058424 0.548611