0 0.132422 0.247222 0.157031 0.119444
0 0.416406 0.751389 0.156250 0.091667
0 0.604688 0.637500 0.156250 0.091667
0 0.884375 0.845833 0.156250 0.091667
0 0.853906 0.562500 0.265625 0.119444
0 0.338281 0.859722 0.156250 0.091667
0 0.319531 0.323611 0.156250 0.091667
0 0.239063 0.093056 0.265625 0.119444
0 0.509375 0.276389 0.156250 0.091667
0 0.255469 0.451389 0.156250 0.091667
0 0.894531 0.729167 0.156250 0.091667
0 0.564063 0.508333 0.265625 0.119444
0 0.282813 0.573611 0.156250 0.091667
0 0.314063 0.208333 0.156250 0.091667
0 0.624219 0.915278 0.156250 0.091667