0 0.509375 0.223611 0.267188 0.230556
0 0.746484 0.513889 0.157031 0.091667
0 0.244531 0.619444 0.156250 0.091667
0 0.683594 0.834722 0.164062 0.119444
0 0.738281 0.344444 0.156250 0.091667
0 0.327344 0.440278 0.156250 0.091667
0 0.619531 0.640278 0.156250 0.091667
0 0.232813 0.926389 0.164062 0.119444
0 0.164062 0.148611 0.156250 0.091667
0 0.514062 0.059722 0.156250 0.091667
0 0.428906 0.890278 0.156250 0.091667
0 0.178125 0.723611 0.156250 0.091667
0 0.161719 0.301389 0.164062 0.119444
0 0.896875 0.166667 0.156250 0.091667
0 0.517188 0.391667 0.156250 0.091667
0 0.584375 0.487500 0.156250 0.091667
1 0.458203 0.867534 0.296094 0.101015
1 0.198204 0.613889 0.068758 0.522222